ID_NATIONAL,MONTH,ANDEB,ANFIN,TMM,TNM,TXM,STTM,MQANTA,UMM,UNM,UXM,TSVM,MQANTSV,FXIM,RRTM,QRR,QRR1,QRR2,QRR3,QRR4,QRR5,QRR6,NJPL,NJRR1,MQANRR,EVPTM,INSTM,MQANINS,PSTAM,PMERM,MQANPRS
11413222,01,1961,1990,10.5,5.6,15.8,,,79.3,,,,,,76.8,,,,,,,,,,,63.3,,,,,
11413222,02,1961,1990,10.9,5.8,16.2,,,80.8,,,,,,73.1,,,,,,,,,,,58.2,216.9,,,,
11413222,03,1961,1990,12.4,6.8,17.9,,,77.8,,,,,,58,,,,,,,,,,,73.3,269,,,,
11413222,04,1961,1990,14.6,8.6,20.5,,,76.3,,,,,,41.8,,,,,,,,,,,88.7,,,,,
11413222,05,1961,1990,18.7,11.6,25.9,,,71.5,,,,,,24.9,,,,,,,,,,,126.1,,,,,
11413222,06,1961,1990,23.2,15.8,30.5,,,66.5,,,,,,10.7,,,,,,,,,,,169.7,,,,,
11413222,07,1961,1990,26.3,18.6,33.9,,,61.7,,,,,,3.3,,,,,,,,,,,217.5,,,,,
11413222,08,1961,1990,27.4,19.7,34.7,,,64.7,,,,,,7.1,,,,,,,,,,,203.8,,,,,
11413222,09,1961,1990,24.3,17.8,30.8,,,68,,,,,,34.3,,,,,,,,,,,143.4,,,,,
11413222,10,1961,1990,19.9,14,25.5,,,71.8,,,,,,71.5,,,,,,,,,,,103.3,,,,,
11413222,11,1961,1990,15.3,10,20.4,,,68.5,,,,,,70.6,,,,,,,,,,,87.9,,,,,
11413222,12,1961,1990,12,7.1,16.9,,,78.7,,,,,,76.3,,,,,,,,,,,70.3,,,,,
11414111,01,1961,1990,11.1,6.9,15.3,0.8,2,76,58,94,10.4,9,11,91.9,91.6,9.5,44.6,76.8,104.1,136.4,256.9,14.3,11.3,2,86.8,148.8,,1017.9,1018.5,9
11414111,02,1961,1990,11.4,7,15.8,1.1,2,75,57,94,10.5,9,12,84.8,70.8,1.1,29.8,57.8,81.2,111.7,251.1,13.3,10.3,,78.4,162.4,,1015.9,1016.4,9
11414111,03,1961,1990,12.5,7.7,17.2,0.9,2,74,55,94,11,9,11,58.5,48.6,1.1,29.5,45,55.1,80.4,183.8,12.6,9.6,2,93,213.9,,1015.3,1015.8,9
11414111,04,1961,1990,14.7,9.7,19.6,1,2,73,52,94,12.3,9,11,44.9,38.4,2.9,20.5,33.5,46.1,73,131.6,10.5,6.5,2,108,243,,1013.3,1013.8,9
11414111,05,1961,1990,18.2,12.6,23.7,1,2,72,50,94,15,9,10,27.3,24.5,0,9.3,22.2,31.3,41.2,97.7,6.8,3.9,2,133.3,300.7,,1014.4,1014.8,9
11414111,06,1961,1990,22.1,16.4,27.7,1,2,67,43,91,17.8,9,10,10,4.4,0,0.9,3.9,7.8,17,52.1,3.5,1.6,2,174,330,,1015.2,1015.6,9
11414111,07,1961,1990,25.2,19.1,31.3,1.2,2,65,40,89,20.3,9,10,2.4,0,0,0,0,0.5,1.8,21.5,1.2,0.6,2,220.1,372,,1015.1,1015.5,9
11414111,08,1961,1990,25.9,20.1,31.6,1,2,66,42,91,22,9,10,5.3,1.5,0,0.2,1.3,2.6,10.5,70.5,2.3,1.1,2,204.6,344.1,,1014.7,1015.1,9
11414111,09,1961,1990,23.7,18.3,29,1.1,2,70,47,93,20.6,9,10,31.1,28.9,2.9,10.4,19.1,38.3,58.9,153.9,6.5,4,2,156,261,,1016.3,1016.8,9
11414111,10,1961,1990,19.8,14.8,24.8,1.4,2,73,52,94,17.2,9,10,83.7,69.7,0.1,27.1,55.2,84.9,108.2,202.6,6,7.8,2,124,220.1,,1016.7,1017.1,9
11414111,11,1961,1990,15.3,10.7,19.9,1.1,2,75,56,95,13.3,9,10,84.2,81.2,3.4,55.6,72.9,104.6,130.7,219.8,13.4,9.5,2,90,168,,1017.2,1017.7,9
11414111,12,1961,1990,12.2,8,16.3,1,2,77,60,95,11.4,9,10,101.9,94.6,11.1,60.7,87.7,103.9,148,308,14.8,11.4,2,80.6,145.7,,1018,1018.5,9
11515111,01,1961,1990,11.5,7.2,15.7,0.9,0,76,59,94,10.5,9,12,59.3,55.2,5.1,30.4,41,59.5,83.7,155.7,12.3,8.6,0,71.3,145.7,0,1018.1,1018.5,9
11515111,02,1961,1990,12,7.4,16.5,1.2,0,74,56,93,10.5,9,13,57.2,39.4,1,23.6,39.1,59.8,77.9,188.5,11.8,8.1,0,70,159.6,0,1016,1016.4,9
11515111,03,1961,1990,13.2,8.3,18.1,1.1,0,73,53,93,11.2,9,13,46.7,38.8,18.7,25.8,39.2,45.6,54.2,178.5,10.7,8,0,93,198.4,0,1015.4,1015.7,9
11515111,04,1961,1990,15.6,10.4,20.7,1.1,0,71,49,92,12.3,9,12,37.8,34,0.9,22.3,29.1,41.2,47.9,94,8.8,5.5,0,111,225,0,1013.4,1013.7,9
11515111,05,1961,1990,19.3,13.7,24.9,1.1,0,68,45,91,14.7,9,12,22.6,19.1,0,7.9,14.5,28.5,37.5,66.6,5.4,3.1,0,142.6,282.1,0,1014.4,1014.7,9
11515111,06,1961,1990,23.2,17.3,29,1,0,64,39,88,17.6,9,12,10.4,7.7,0,1,4.4,8.1,13.5,54,3.4,1.7,0,180,309,0,1015.2,1015.4,9
11515111,07,1961,1990,26.3,20,32.6,1.1,0,62,37,87,20.3,9,12,2.3,0.2,0,0,0,0.8,5.2,12.3,1.1,0.6,0,217,356.5,0,1015.1,1015.4,9
11515111,08,1961,1990,26.8,20.8,32.7,1,0,64,39,88,22,9,11,6.7,2.4,0,0,1.1,4.7,12.4,49.2,2,1.3,0,195.3,328.6,0,1014.8,1015,9
11515111,09,1961,1990,24.4,19,29.7,1,0,68,45,91,20.7,9,11,36,25.2,0,4.2,17.9,27.1,50.6,166,6.1,3.5,0,144,258,0,1016.4,1016.6,9
11515111,10,1961,1990,20.4,15.5,25.2,1.5,0,72,51,93,17.4,9,11,66.1,55.4,5.2,25.4,46.7,69.8,108.1,179.6,9.2,6.1,0,108.5,217,0,1016.8,1017.1,9
11515111,11,1961,1990,15.9,11.3,20.5,1.3,0,74,55,93,12.6,9,10,53.7,46.7,1.4,19.2,34.7,47.5,80.2,228.5,10.1,5.9,0,81,174,0,1012.8,1013.5,9
11515111,12,1961,1990,12.5,8.2,16.7,1.2,0,77,59,94,11.3,9,11,63.1,48.4,7.1,24.6,42.4,54.6,96.2,214.1,11.7,8.1,0,71.3,148.8,0,1018.2,1018.5,9
11817211,01,1961,1990,10.6,5.4,15.7,1.1,,76,55,95,9.8,,11,48.5,37.3,,,,,,,10.1,6.9,,65.1,124,,1017.1,1017.9,
11817211,02,1961,1990,11.3,5.3,17.3,0.9,,72,49,95,9.7,,12,37.1,28,,,,,,,10.3,7.6,,72.8,145.6,,1014,1014.8,
11817211,03,1961,1990,12.9,6.8,19,1.2,,70,46,94,10.5,,13,38.2,32.2,,,,,,,8.3,6,,105.4,189.1,,1013.3,1014.2,
11817211,04,1961,1990,15.5,8.3,22.8,1.2,,65,38,93,11.3,,13,34.9,30.2,,,,,,,6.9,5,,123,213,,1009.7,1010.4,
11817211,05,1961,1990,19.8,12.3,27.3,2.1,,62,34,92,13.4,,12,18.7,16.5,,,,,,,6,4,,161.2,241.8,,1010.8,1011.5,
11817211,06,1961,1990,23.8,15.8,31.8,1,,59,29,88,15.6,,12,9.2,1,,,,,,,2.5,1.3,,219,264,,1010.7,1011.4,
11817211,07,1961,1990,27.3,18.7,35.8,1.3,,53,25,81,17.1,,11,12.2,5.1,,,,,,,1.8,1.3,,266.6,313.1,,1011.5,1012,
11817211,08,1961,1990,28,19.8,36.1,1,,55,25,84,18.9,,12,21.7,1.8,,,,,,,1.5,1.4,,251.1,285.2,,1011.1,1011.7,
11817211,09,1961,1990,25.3,18,32.5,1.2,,59,31,86,18.8,,12,25.6,20,,,,,,,4.6,2.9,,198,234,,1012.3,1012.9,
11817211,10,1961,1990,21.7,15.6,27.7,1.6,,67,41,92,16.4,,12,40.2,26.8,,,,,,,7.3,5.1,,133.3,186,,1011.9,1012.6,
11817211,11,1961,1990,15.3,10.1,20.5,0.5,,72,49,94,12.5,,11,42.8,33,,,,,,,8.6,5.4,,90,150,,1013.2,1013.9,
11817211,12,1961,1990,11.9,6.7,17.1,1.3,,75,55,94,10.3,,11,45.9,45.2,,,,,,,11.1,6.4,,77.5,142.6,,1015.3,1016.1,
12827211,01,1961,1990,11.9,8.8,15,1,,76,61,91,10.9,,11,66.7,59.8,,,,,,,13.3,9,,77.5,148.8,,1015.6,1018.2,
12827211,02,1961,1990,12.1,8.9,15.3,0.9,,76,60,91,10.9,,11,56,49.5,,,,,,,12.2,7.9,,72.8,154,,1013.5,1016.2,
12827211,03,1961,1990,13,9.6,16.3,0.9,,76,60,92,11.6,,11,48,42.2,,,,,,,10.9,7.5,,80.6,207.7,,1013,1015.6,
12827211,04,1961,1990,14.9,11.3,18.3,0.7,,75,58,92,12.7,,11,29.2,31,,,,,,,8.9,5.5,,87,231,,1011.2,1013.7,
12827211,05,1961,1990,18.1,14.4,21.7,0.8,,75,56,93,15.6,,11,17.3,17,,,,,,,5.1,2.9,,99.2,266.6,,1012.3,1014.6,
12827211,06,1961,1990,21.8,17.9,25.7,0.7,,72,52,92,19.1,,10,6.2,1.9,,,,,,,2.4,1.4,,123,306,,1013,1015.1,
12827211,07,1961,1990,24.7,20.6,28.8,1.1,,71,51,91,22.4,,10,3.2,0,,,,,,,1,0.5,,148.8,337.9,,1013,1015,
12827211,08,1961,1990,25.6,21.7,29.4,0.8,,73,54,92,24.1,,10,7,2.6,,,,,,,2,1,,133.3,316.2,,1012.7,1014.7,
12827211,09,1961,1990,23.8,20.2,27.3,1,,74,57,91,22.1,,9,34.5,30.8,,,,,,,6.2,4.1,,117,255,,1014.2,1016.2,
12827211,10,1961,1990,20.3,17,23.5,1.4,,75,60,91,18.3,,9,77.9,72,,,,,,,9.6,6.5,,99.2,210.8,,1014.5,1016.7,
12827211,11,1961,1990,16.2,12.9,19.4,1.1,,75,59,91,14,,10,65.3,61.9,,,,,,,12,7.6,,81,156,,1014.8,1017.3,
12827211,12,1961,1990,13.2,10,16.3,1.1,,76,61,91,11.7,,11,70,74.6,,,,,,,12.8,8.8,,77.5,148.8,,1015.5,1018.1,
12827532,01,1961,1990,12.5,9.4,15.5,1,,,,,,,,96.4,,,,,,,,,8.9,,45.1,,,,,
12827532,02,1961,1990,12.6,9.4,15.9,1.2,,,,,,,,47,,,,,,,,,7.1,,46.9,,,,,
12827532,03,1961,1990,14,10.7,17.3,0.9,,,,,,,,54.8,,,,,,,,,5.6,,57.3,,,,,
12827532,04,1961,1990,15.2,11.8,18.6,0.8,,,,,,,,35,,,,,,,,,6.2,,58.6,,,,,
12827532,05,1961,1990,19,15.3,22.7,1.1,,,,,,,,24.4,,,,,,,,,2.5,,64,,,,,
12827532,06,1961,1990,22.4,18.9,25.9,0.9,,,,,,,,6.2,,,,,,,,,0.8,,70.6,,,,,
12827532,07,1961,1990,25.1,21.5,28.9,0.6,,,,,,,,2,,,,,,,,,0.4,,81.4,,,,,
12827532,08,1961,1990,26.9,22.9,30.9,0.7,,,,,,,,2.3,,,,,,,,,1,,85,,,,,
12827532,09,1961,1990,24.8,21.3,28.3,0.8,,,,,,,,42.4,,,,,,,,,4.6,,74.1,,,,,
12827532,10,1961,1990,21.6,18.4,24.9,1,,,,,,,,52.7,,,,,,,,,7,,55.1,,,,,
12827532,11,1961,1990,17.1,14.1,20.3,0.9,,,,,,,,90.2,,,,,,,,,8.6,,58.9,,,,,
12827532,12,1961,1990,13.5,10.4,16.6,1.1,,,,,,,,94.2,,,,,,,,,9.6,,50.8,,,,,
12828111,01,1961,1990,12.1,8.4,15.8,1,,76,59,91,11.2,,12,59.2,38,,,,,,,10.4,6.4,,80.6,133.3,,1020.2,1020.7,
12828111,02,1961,1990,12.6,8.9,16.4,1,,73,56,90,11,,12,34,19.7,,,,,,,8.5,4.5,,86.8,154,,1018.9,1019.3,
12828111,03,1961,1990,13.6,9.9,17.2,0.9,,73,57,90,12,,13,37.6,25.5,,,,,,,9.5,5.9,,96.1,195.3,,1017,1017.5,
12828111,04,1961,1990,15.7,12,19.4,0.8,,74,57,91,13.5,,12,27.3,21.8,,,,,,,7.5,4.8,,99,225,,1014.3,1014.7,
12828111,05,1961,1990,18.8,15.2,22.4,1,,74,58,90,16.8,,11,15.8,16.6,,,,,,,5.6,3.1,,105.4,251.1,,1014.8,1015.1,
12828111,06,1961,1990,22.8,18.7,26.8,0.9,,70,52,88,19.8,,11,8.3,2.8,,,,,,,3.5,1.5,,138,291,,1015.7,1016,
12828111,07,1961,1990,26,21.6,30.4,0.8,,69,51,86,23.8,,10,5.2,0.3,,,,,,,1.1,0.6,,164.3,337.9,,1015.4,1015.7,
12828111,08,1961,1990,26.7,22.6,30.6,0.7,,70,54,87,26,,10,10.4,0.8,,,,,,,2.2,1.1,,161.2,303.8,,1015,1015.4,
12828111,09,1961,1990,24.8,20.9,28.7,0.9,,72,55,89,23.6,,10,28.8,20.8,,,,,,,6.5,3.5,,132,231,,1015.7,1016.1,
12828111,10,1961,1990,21.5,18.1,24.9,1.1,,76,61,91,20.1,,11,47.7,48.2,,,,,,,8,5.1,,114.7,189.1,,1017.1,1017.5,
12828111,11,1961,1990,16.8,13.3,20.4,0.7,,75,60,90,15,,11,45.1,41.4,,,,,,,9.5,6,,102,129,,1016.7,1017.1,
12828111,12,1961,1990,13.5,9.9,17,1.2,,75,60,91,12.2,,11,49.7,51.3,,,,,,,10.7,6.5,,93,139.5,,1018.5,1018.9,
12828231,01,1961,1990,11.1,6.4,15.8,1.5,,,,,,,,56.8,,,,,,,,,5.8,,49.9,,,,,
12828231,02,1961,1990,11.9,7.2,16.6,1.6,,,,,,,,47.6,,,,,,,,,4.1,,53.5,,,,,
12828231,03,1961,1990,14,9.1,18.9,1.2,,,,,,,,48,,,,,,,,,5,,68.2,,,,,
12828231,04,1961,1990,15.2,9.8,20.5,1.2,,,,,,,,32.2,,,,,,,,,4.9,,73.3,,,,,
12828231,05,1961,1990,18,11.8,24.4,1.5,,,,,,,,21.7,,,,,,,,,2.8,,88,,,,,
12828231,06,1961,1990,23.2,17.5,28.8,1.2,,,,,,,,9.9,,,,,,,,,2.6,,108.1,,,,,
12828231,07,1961,1990,25.2,19.2,31.2,0.9,,,,,,,,3.6,,,,,,,,,0.6,,126,,,,,
12828231,08,1961,1990,26.9,21.3,32.5,1.1,,,,,,,,9,,,,,,,,,1.8,,118.5,,,,,
12828231,09,1961,1990,25,20.4,29.7,1.2,,,,,,,,41.4,,,,,,,,,4.4,,84,,,,,
12828231,10,1961,1990,21.5,16.8,26.2,1.3,,,,,,,,67.7,,,,,,,,,5,,69.7,,,,,
12828231,11,1961,1990,16.6,11.6,21.5,0.9,,,,,,,,52.4,,,,,,,,,4.5,,60.9,,,,,
12828231,12,1961,1990,12,6.7,17.3,1.4,,,,,,,,54.5,,,,,,,,,6.6,,61.6,,,,,
12828631,01,1961,1990,12,9.2,15.1,1.4,,73,,,,,,77.7,,,,,,,,,9.4,,55.4,,,,,
12828631,02,1961,1990,12.5,9.3,15.8,1.3,,71.5,,,,,,36,,,,,,,,,8.6,,55.8,,,,,
12828631,03,1961,1990,13.8,10,17.6,1.7,,69.3,,,,,,57.6,,,,,,,,,7.4,,63.2,,,,,
12828631,04,1961,1990,15.7,11.9,19.5,1.6,,67,,,,,,38.3,,,,,,,,,6,,84.7,,,,,
12828631,05,1961,1990,19.4,15.1,23.8,1.5,,62.6,,,,,,20.8,,,,,,,,,3,,115.5,,,,,
12828631,06,1961,1990,23.6,18.9,28.3,1,,64.8,,,,,,4.2,,,,,,,,,1.5,,105.3,,,,,
12828631,07,1961,1990,26.6,21.6,31.5,1.3,,59.5,,,,,,2.1,,,,,,,,,0.6,,159.1,,,,,
12828631,08,1961,1990,27.5,22.7,32.3,1.7,,58.3,,,,,,4.9,,,,,,,,,1.2,,179.8,,,,,
12828631,09,1961,1990,24.8,20.7,28.7,1.5,,66.3,,,,,,42.6,,,,,,,,,4,,131.7,,,,,
12828631,10,1961,1990,21.1,17.6,24.5,1.5,,69.8,,,,,,65.9,,,,,,,,,6.2,,85.1,,,,,
12828631,11,1961,1990,17,14,20,1.1,,66.2,,,,,,79.8,,,,,,,,,7.2,,72.8,,,,,
12828631,12,1961,1990,13.7,10.6,16.5,1.4,,71.5,,,,,,76.9,,,,,,,,,7.6,,68.5,,,,,
12929111,01,1961,1990,10,4.9,15,1.1,,75,56,94,9.9,,,58.4,37.3,,,,,,,11.2,7.2,,59.5,154.4,,1002.4,1016.9,
12929111,02,1961,1990,10.3,5,15.7,1.3,,75,56,93,9.7,,,56.5,27.6,,,,,,,11.2,7.3,,61.6,138.3,,1002.7,1017.1,
12929111,03,1961,1990,12.8,7,18.7,1.2,,71.8,50.8,92.8,10.4,,,58.1,43.9,,,,,,,10.7,6.7,,87.7,180.4,,999.9,1013.5,
12929111,04,1961,1990,14.5,8.1,20.9,1.2,,66.9,43,90.8,11.1,,,40.7,34.5,,,,,,,8.8,5.6,,113.4,229.8,,997,1009.8,
12929111,05,1961,1990,19.1,12,26.3,1.6,,62.9,36.8,89,13.6,,,24.4,22.1,,,,,,,6,3.9,,173.9,283.9,,998,1009.5,
12929111,06,1961,1990,23.6,15.9,31.3,1.3,,56.4,30,82.8,15.2,,,11.3,6.3,,,,,,,3.4,1.9,,238.9,302.2,,999.1,1009.6,
12929111,07,1961,1990,26.5,18.3,34.6,1.1,,50.8,26,75.5,15.2,,,5,0,,,,,,,0.9,0.5,,275.4,343.6,,998.7,1008.7,
12929111,08,1961,1990,27.6,19.4,35.8,1.4,,53.4,26.3,80.5,,,,12.6,3.8,,,,,,,2.4,1.6,,258.4,339.8,,998.9,1008.7,
12929111,09,1961,1990,25.3,18.9,31.7,1.3,,62.8,38,87.5,19,,,29.6,34.2,,,,,,,6.9,4.1,,162.9,246.6,,998.7,1009.2,
12929111,10,1961,1990,21,15.3,26.8,1.6,,67.6,43.3,92,15.6,,,71.3,40.1,,,,,,,9.1,5.8,,125.3,193.6,,999.6,1011.1,
12929111,11,1961,1990,15.2,9.9,20.5,1.1,,70.8,49.8,91.8,12.2,,,50,43.9,,,,,,,10,5.6,,83.9,176.1,,1000.2,1013,
12929111,12,1961,1990,10.5,5.8,15.4,1.4,,72.7,54.3,91,10.3,,,54.3,40.2,,,,,,,10.7,6.5,,70.6,145.3,,1000.9,1014.9,
22323111,01,1961,1990,9.9,5,14.8,1,,76,56,96,9.6,,9,85.3,83.5,,,,,,,12.2,10.2,,62,117.8,,1003,1018.2,
22323111,02,1961,1990,10.5,4.5,16.4,1.2,,73,51,95,9.3,,9,77.1,58.3,,,,,,,12.4,10.2,,70,134.4,,1001.9,1016.8,
22323111,03,1961,1990,11.9,6.1,17.6,1.2,,71,48,94,10.7,,11,64.1,52.1,,,,,,,10.2,8.4,,102.3,176.7,,1000.4,1014.5,
22323111,04,1961,1990,14.9,7.7,22.1,1.2,,67,40,94,11.7,,10,50.7,38.9,,,,,,,9.1,7.4,,126,204,,996.8,1010,
22323111,05,1961,1990,19.1,11.5,26.7,1.8,,65,36,94,15.9,,10,28.7,25.6,,,,,,,6.1,4.5,,170.5,229.4,,997.8,1009.6,
22323111,06,1961,1990,23.2,14.9,31.4,1.4,,61,30,91,16.1,,10,17.8,11.2,,,,,,,3.7,2.8,,231,249,,998.4,1009.2,
22323111,07,1961,1990,27,18.4,35.4,1.3,,55,25,85,15.9,,10,4.6,0,,,,,,,1,0.6,,319.3,291.4,,998.4,1008.6,
22323111,08,1961,1990,27.8,19.5,36.1,1.4,,53,25,82,16.9,,10,6,3.7,,,,,,,2.3,1.7,,313.1,279,,998.1,1008,
22323111,09,1961,1990,24.8,17.3,32.3,1.5,,57,28,84,17.3,,10,37,31.1,,,,,,,6.3,4.3,,237,210,,998.8,1009.4,
22323111,10,1961,1990,20.9,14.3,27.5,1.6,,65,38,92,14.9,,9,65.8,58.3,,,,,,,8.5,6.7,,155,170.5,,999.6,1011.3,
22323111,11,1961,1990,14.6,9.2,19.9,1.3,,70,46,94,11.9,,8,63.8,52.8,,,,,,,11.4,8.4,,93,129,,1000.3,1013.6,
22323111,12,1961,1990,10.9,6,15.7,1.1,,77,58,96,10.2,,8,72.6,60.7,,,,,,,11.8,9.3,,62,111.6,,1001.6,1016.2,
22323731,01,1961,1990,9.1,4.6,13.6,1.2,,78.3,,,,,,77.7,,,,,,,,,9.6,,53.7,,,,,
22323731,02,1961,1990,9.7,4.7,14.7,1.3,,77,,,,,,68.9,,,,,,,,,9.3,,55.4,,,,,
22323731,03,1961,1990,11.2,5.7,16.8,1.3,,77.2,,,,,,69.7,,,,,,,,,8.3,,69.4,,,,,
22323731,04,1961,1990,13.2,7.1,19.3,1.3,,73.7,,,,,,51.9,,,,,,,,,7.3,,78.7,,,,,
22323731,05,1961,1990,17.8,10.5,25.1,1.9,,72.3,,,,,,30.7,,,,,,,,,4.6,,123.3,,,,,
22323731,06,1961,1990,22.5,14.7,30.4,1.4,,58.4,,,,,,19.2,,,,,,,,,2.7,,167.9,,,,,
22323731,07,1961,1990,25.7,17.3,34,1.4,,57.5,,,,,,7.7,,,,,,,,,0.8,,208.3,,,,,
22323731,08,1961,1990,26.2,18.3,34.1,1.5,,53.1,,,,,,11.1,,,,,,,,,1.9,,201.2,,,,,
22323731,09,1961,1990,23,16.2,29.7,1.3,,64.9,,,,,,33.5,,,,,,,,,4.4,,131.5,,,,,
22323731,10,1961,1990,18.1,12.4,23.9,1.6,,70,,,,,,58.4,,,,,,,,,6.3,,96.6,,,,,
22323731,11,1961,1990,13.5,8.4,18.6,1.2,,71,,,,,,51.9,,,,,,,,,7.2,,69.3,,,,,
22323731,12,1961,1990,10.3,5.8,14.8,1.4,,76.2,,,,,,72.2,,,,,,,,,8.1,,59.8,,,,,
22323831,01,1961,1990,12.3,8.2,16.4,1.7,,,,,,,,134.9,,,,,,,,,11.6,,56.6,,,,,
22323831,02,1961,1990,12.6,8.7,16.6,1.1,,,,,,,,94,,,,,,,,,10.7,,52.3,,,,,
22323831,03,1961,1990,13.4,8.7,18.1,1.1,,,,,,,,87.3,,,,,,,,,9.2,,70.7,,,,,
22323831,04,1961,1990,15.9,11.5,20.3,0.7,,,,,,,,84.7,,,,,,,,,8.5,,81.4,,,,,
22323831,05,1961,1990,22.2,16.9,27.7,1.4,,,,,,,,37.5,,,,,,,,,5,,125.9,,,,,
22323831,06,1961,1990,24.7,19.3,30.1,1,,,,,,,,14.7,,,,,,,,,3.1,,138.6,,,,,
22323831,07,1961,1990,27.5,21.1,33.9,0.8,,,,,,,,4.3,,,,,,,,,0.7,,185.4,,,,,
22323831,08,1961,1990,28.5,22.3,34.9,1.9,,,,,,,,7.3,,,,,,,,,2.8,,173.9,,,,,
22323831,09,1961,1990,24.8,20,29.7,1.7,,,,,,,,32.3,,,,,,,,,7.3,,119.2,,,,,
22323831,10,1961,1990,20.4,15.7,25.2,1.5,,,,,,,,105.9,,,,,,,,,8,,79.3,,,,,
22323831,11,1961,1990,16.6,12.4,20.8,1.2,,,,,,,,163.1,,,,,,,,,12.9,,68.5,,,,,
22323831,12,1961,1990,13.3,9.1,17.5,0.9,,,,,,,,155.6,,,,,,,,,13.4,,57.8,,,,,
22525111,01,1961,1990,9.9,5,15.2,1,0,77,58,96,9.5,9,9,58.5,56.6,6,28.6,43.3,66.1,85,135.7,12.2,8.7,0,55.8,142.6,0,1002.6,1016.1,9
22525111,02,1961,1990,10.5,5,16.4,1.3,0,75,54,96,9.7,9,10,51.3,44,3.9,22.6,41,54.8,76.8,133.2,12.1,7.8,0,58.8,154,0,1000.3,1013.6,9
22525111,03,1961,1990,11.8,5.9,18.3,1.1,0,74,52,96,10.4,9,10,52.4,47.3,20.1,32.9,39.9,47.9,60.8,185.8,11.4,8.2,0,77.5,192.2,0,999.5,1012.2,9
22525111,04,1961,1990,14.6,7.7,21.6,1.1,0,72,48,96,11.7,9,10,41.9,36.7,3.3,21.7,31,43.2,54,91.6,10,6.3,0,96,219,0,997.5,1009.4,9
22525111,05,1961,1990,19.1,11.2,27.1,1.3,0,66,40,92,13.8,9,11,29.4,28.6,1,7.9,15.3,30.8,48.8,82,7.4,4.1,0,148.8,272.8,0,998.1,1008.8,9
22525111,06,1961,1990,23.7,15.4,32.1,1.1,0,59,33,85,16.2,9,11,18.8,12.3,0,2.4,9.4,18.4,25.6,62.8,4.4,2.5,0,210,306,0,999.2,1008.9,9
22525111,07,1961,1990,27,18.1,36.1,1.3,0,52,28,77,17.4,9,11,3.9,0.5,0,0,0.2,0.8,4.6,28.1,1.4,0.9,0,279,347.2,0,999.4,1008.5,9
22525111,08,1961,1990,27.1,18.8,35.9,1.1,0,54,29,78,18.2,9,11,14.9,6.7,0,0.7,4.4,7.8,24.3,87.1,3.1,1.9,0,260.4,316.2,0,999,1008.1,9
22525111,09,1961,1990,24.2,16.7,31.8,1.2,0,61,36,86,17.7,9,10,32.1,24.4,0.8,6,19,24.1,44.8,110.8,6.7,3.8,0,177,258,0,100.6,1010.3,9
22525111,10,1961,1990,19.4,12.7,26.1,1.4,0,69,45,92,15.1,9,9,45.2,44.8,3.2,12,25.3,47.6,66.6,194.2,8.8,5.6,0,117.8,207.7,0,1001.2,1011.9,9
22525111,11,1961,1990,14.4,8.5,20.4,1.2,0,75,54,95,12.1,9,8,42.1,39.7,3.6,10.9,28.7,39.7,64.6,132.7,10.1,5.7,0,75,168,0,1001.8,1013.9,9
22525111,12,1961,1990,11,5.8,16.2,1.2,0,78,59,96,10.2,9,9,55.8,51.2,6.9,20.9,30.6,58.3,89.1,152.2,11.1,8,0,55.8,148.8,0,1002.6,1015.7,9
22525211,01,1961,1990,11.9,8.1,15.6,1.2,,72,54,89,10.6,,11,140.7,143.1,,,,,,,14.9,11.9,,108.5,120.9,,1014.7,1020.7,
22525211,02,1961,1990,12.1,8.1,16.1,1.2,,73,54,91,10.7,,11,118.3,114.5,,,,,,,13.4,10.6,,92.4,134.4,,1013.7,1019.7,
22525211,03,1961,1990,12.9,8.6,17.2,1.1,,73,55,91,11.3,,11,97.3,83.3,,,,,,,12.6,9.8,,102.3,179.8,,1012,1017.7,
22525211,04,1961,1990,15,10.4,19.6,1,,72,53,91,12.5,,11,68.8,60.8,,,,,,,11,8.8,,111,210,,1008.4,1013.8,
22525211,05,1961,1990,18.1,13.3,22.9,1.6,,72,54,91,15.5,,9,35.9,36.9,,,,,,,7.5,5.3,,111.6,241.8,,1009.3,1014.3,
22525211,06,1961,1990,21.6,16.3,26.7,1.5,,70,51,89,18.6,,9,12.3,4.9,,,,,,,3.7,2.1,,138,282,,1010,1014.6,
22525211,07,1961,1990,24.8,19.3,30.2,1.6,,65,46,85,20.7,,9,4.2,0.3,,,,,,,1.7,0.7,,182.9,316.2,,1009.6,1014,
22525211,08,1961,1990,25,19.7,30.3,1.6,,68,49,88,22.6,,9,11.2,2.4,,,,,,,2.9,1.7,,158.1,297.6,,1009.1,1013.3,
22525211,09,1961,1990,23.3,18.3,28.3,1.5,,70,50,89,20.3,,8,50.4,48.5,,,,,,,7,5.1,,138,240,,1009.6,1014.1,
22525211,10,1961,1990,20.2,15.5,24.9,1.6,,71,52,90,17.2,,9,117.1,105.1,,,,,,,11.4,8.5,,127.1,201.5,,1010.4,1015.3,
22525211,11,1961,1990,15.6,11.4,19.7,1.1,,75,57,92,13.4,,10,135.4,140.3,,,,,,,14.2,11.5,,99,126,,1011.1,1016.4,
22525211,12,1961,1990,12.9,8.9,16.9,1.2,,74,57,91,11.3,,10,157.6,142.6,,,,,,,14.3,11.3,,102.3,117.8,,1012.6,1018.4,
22525331,01,1961,1990,7.5,4.1,10.9,1.4,,,,,,,,231.9,,,,,,,,,13.4,,29.6,,,,,
22525331,02,1961,1990,8,4.3,11.7,1.6,,,,,,,,228.2,,,,,,,,,12.3,,35.9,,,,,
22525331,03,1961,1990,10.2,5.9,14.4,1.6,,,,,,,,165.9,,,,,,,,,11.6,,55.4,,,,,
22525331,04,1961,1990,10.7,6.3,15,1.5,,,,,,,,160.7,,,,,,,,,11,,49.4,,,,,
22525331,05,1961,1990,15.7,10.8,20.7,1.8,,,,,,,,69.9,,,,,,,,,6.4,,85.1,,,,,
22525331,06,1961,1990,20.1,14.9,25.2,1.7,,,,,,,,27.6,,,,,,,,,2.9,,112.9,,,,,
22525331,07,1961,1990,23.1,17.5,28.7,1.6,,,,,,,,8.8,,,,,,,,,0.9,,148.9,,,,,
22525331,08,1961,1990,24.8,18.7,30.9,1.7,,,,,,,,21.8,,,,,,,,,1.6,,163.7,,,,,
22525331,09,1961,1990,22.3,16.7,27.9,1.7,,,,,,,,63.6,,,,,,,,,5.7,,116,,,,,
22525331,10,1961,1990,17.4,12.6,22.3,2,,,,,,,,145.7,,,,,,,,,9.9,,75.9,,,,,
22525331,11,1961,1990,12.3,8.3,16.3,1.1,,,,,,,,142.9,,,,,,,,,11.9,,46,,,,,
22525331,12,1961,1990,7.9,4.5,11.3,1.5,,,,,,,,216,,,,,,,,,13,,33.5,,,,,
23232111,01,1961,1990,7.4,2.2,12.6,1.4,,79,59,98,8.2,,,61.8,38.1,,,,,,,9.9,7,,45.7,156.5,,961.3,1012.3,
23232111,02,1961,1990,8.6,3,14.1,1.3,,76,54,97,8.3,,,65,34.5,,,,,,,9.2,6.4,,61.6,143.8,,961.2,1010.9,
23232111,03,1961,1990,10.9,4.9,16.9,1.3,,75,52.6,97.4,9.2,,,67.7,40.1,,,,,,,8.9,6.9,,80.9,193.7,,959,1005.8,
23232111,04,1961,1990,12.2,5.5,18.9,1.5,,73.5,49.2,97.8,10,,,53.8,34.9,,,,,,,9,6.7,,94.4,223.1,,955.5,999.2,
23232111,05,1961,1990,17.9,10.2,25.7,2,,68.5,43.2,93.8,13,,,43.1,38.5,,,,,,,7.3,5.2,,155.5,286.3,,956.6,994.7,
23232111,06,1961,1990,22.9,14.5,31.3,1.4,,64.2,41.4,87,15.2,,,24.5,19.3,,,,,,,5,3.5,,206.1,312,,958.1,992.5,
23232111,07,1961,1990,25.5,16.7,34.3,1.3,,57.7,37.2,78.2,15.9,,,10.6,2.3,,,,,,,1.5,1,,259.6,349.1,,958.2,990.7,
23232111,08,1961,1990,26.4,17.5,35.3,1.4,,59.6,37.4,81.8,17.1,,,22.4,14.5,,,,,,,3.6,2.7,,240.6,306.6,,958.6,990.8,
23232111,09,1961,1990,23.9,16.4,31.5,1.6,,67.3,43.2,91.4,16.8,,,32.6,37.6,,,,,,,6.2,4.5,,188.8,232.8,,958,992.9,
23232111,10,1961,1990,18.8,12.3,25.4,1.7,,71.9,49,94.8,13.7,,,65.7,40.2,,,,,,,7.5,5.4,,125.1,191.4,,958.4,997.3,
23232111,11,1961,1990,12.8,7,18.7,1.3,,76.1,55.4,96.8,10.3,,,35.5,30.9,,,,,,,8.5,5.3,,70.8,176.1,,958.4,1002.7,
23232111,12,1961,1990,7.9,2.9,13,1.4,,79.5,62,97,8.6,,,50.4,34.1,,,,,,,9.7,6.2,,52,149.2,,958.8,1007.5,
23232231,01,1961,1990,9.8,4.7,14.9,1.2,,78.5,,,,,,44.5,,,,,,,,,7.2,,57.5,92.6,,,,
23232231,02,1961,1990,10.6,5.1,16.2,1.4,,74,,,,,,36.9,,,,,,,,,7.7,,61.5,112.7,,,,
23232231,03,1961,1990,12.4,6.4,18.4,1.4,,73.5,,,,,,51.7,,,,,,,,,7.3,,80.7,141.2,,,,
23232231,04,1961,1990,14.7,8.4,21,1.4,,70,,,,,,34.7,,,,,,,,,5.8,,94.4,149.3,,,,
23232231,05,1961,1990,19.5,12.1,26.8,1.8,,62.4,,,,,,29,,,,,,,,,4.7,,137.7,196.8,,,,
23232231,06,1961,1990,24,16.2,31.9,1.4,,56.5,,,,,,15,,,,,,,,,2.7,,181.1,198,,,,
23232231,07,1961,1990,27.1,18.5,35.8,1.2,,50.5,,,,,,3.1,,,,,,,,,1,,230.4,248.2,,,,
23232231,08,1961,1990,27.4,19.2,35.6,1.5,,50.6,,,,,,14.9,,,,,,,,,2.2,,223.7,222.1,,,,
23232231,09,1961,1990,24.1,17,31.4,1.4,,63.4,,,,,,26.2,,,,,,,,,4.5,,154.1,172.7,,,,
23232231,10,1961,1990,19.2,13,25.5,1.5,,70.7,,,,,,38.4,,,,,,,,,5.1,,104.1,165.3,,,,
23232231,11,1961,1990,14.3,8.7,20,1.2,,71.3,,,,,,42.2,,,,,,,,,5.5,,68.5,115.9,,,,
23232231,12,1961,1990,10.9,5.8,16,1.5,,77.3,,,,,,56.1,,,,,,,,,6,,60,85.7,,,,
23434111,01,1961,1990,8.7,3.8,13.4,1.2,,74,56,92,8.6,,11,45.3,37.5,,,,,,,10.3,6.8,,89.9,133.3,,969.3,1011.7,
23434111,02,1961,1990,9.7,4,15.2,1.2,,71,50,91,8.7,,11,33,28.3,,,,,,,10.3,6.5,,98,151.2,,967.9,1009.4,
23434111,03,1961,1990,11.1,5.3,16.8,1.2,,72,51,93,9.5,,11,37.3,39.2,,,,,,,9.5,6.7,,117.8,182.9,,966.2,1005.6,
23434111,04,1961,1990,14.4,7.6,21.2,1.5,,66,43,90,10.4,,12,53.9,31.5,,,,,,,8.5,6.1,,162,207,,963.4,999.7,
23434111,05,1961,1990,18.8,11.4,26.2,2,,62,37,88,12.5,,12,52,28.9,,,,,,,6.7,4.7,,223.2,220.1,,964.2,996.3,
23434111,06,1961,1990,23.7,15.5,31.8,1.3,,55,30,80,14.1,,12,18.9,8.1,,,,,,,4.2,2.7,,309,252,,965.7,994.9,
23434111,07,1961,1990,27,18.4,35.5,1.4,,48,24,72,14.1,,12,7.6,2.5,,,,,,,1.6,1,,381.3,297.6,,966,993.3,
23434111,08,1961,1990,26.5,18.2,34.7,1.6,,54,29,79,15.8,,12,20.2,13.2,,,,,,,4.2,2.8,,319.3,282.1,,965.9,993.2,
23434111,09,1961,1990,23.3,15.9,30.6,1.4,,60,34,86,15.8,,11,20.7,38.7,,,,,,,7,5.1,,231,237,,966.3,995.9,
23434111,10,1961,1990,18.8,12.6,24.9,1.6,,67,45,90,14.1,,10,60.3,36,,,,,,,8.5,5.7,,167.4,195.3,,967.2,1000,
23434111,11,1961,1990,13.8,8.5,19.1,1.2,,71,51,91,11.1,,10,54.9,21.4,,,,,,,8,5.1,,114,138,,966.4,1003.3,
23434111,12,1961,1990,9.8,4.9,14.7,1.5,,74,58,91,9.4,,10,47.6,27.1,,,,,,,9.5,5.9,,86.8,130.2,,967.8,1008.5,
33535111,01,1961,1990,11.5,6.2,16.9,1,0,64,44,84,8.6,9,9,23.5,14.9,0,5.7,8,18.9,33.2,121.7,5.9,3.5,0,105.4,186,0,1010.9,1017,9
33535111,02,1961,1990,12.6,6.9,18.3,1.4,0,62,40,84,8.7,9,9,23.9,15.8,0.6,1.6,11.9,23.9,39.9,108.2,6.6,3.7,0,112,190.4,0,1008.6,1014.6,9
33535111,03,1961,1990,14.2,8.2,20.2,1.2,0,62,38,86,9.7,9,10,33.1,26.3,2.2,15.7,26.2,27.3,47.7,88,7.2,4.9,0,142.6,226.3,0,1007.7,1013.4,9
33535111,04,1961,1990,16.9,10.6,23.3,1.1,0,61,36,85,10.9,9,10,29.9,25.3,0.3,11.4,20.3,28.2,48.7,105.1,7,4.3,0,159,252,0,1005.9,1011.2,9
33535111,05,1961,1990,21,14.1,28.3,1.2,0,58,32,84,13.1,9,10,18.9,15.1,0.2,3.9,10.4,20.5,30.4,70.6,5.8,2.9,0,213.9,300.7,0,1006.4,1011.3,9
33535111,06,1961,1990,25.4,17.9,32.9,1.1,0,53,27,79,15.4,9,11,10.4,4.7,0,1.2,2.3,7.5,17.3,57.2,3.3,1.6,0,258,324,0,1007.3,1011.8,9
33535111,07,1961,1990,28.5,20.6,36.8,1.2,0,49,23,76,16.8,9,11,4.9,0.4,0,0,0,2.4,5.6,53.3,0.9,0.7,0,313.1,362.7,0,1007.5,1011.7,9
33535111,08,1961,1990,28.7,21.1,36.3,1.1,0,53,26,80,18.9,9,10,12.3,7.9,0,0.7,5,9.9,27.5,39.1,3.1,2.1,0,266.6,334.8,0,1007.2,1011.5,9
33535111,09,1961,1990,25.4,19.1,31.9,1.2,0,59,34,84,18.5,9,9,39,27.1,1.8,7.8,16.8,27.6,70.5,135.5,6.1,3.5,0,186,270,0,1008.8,1013.3,9
33535111,10,1961,1990,20.8,15,26.5,1.4,0,65,42,88,15.6,9,8,48.1,26.5,2.5,6,18.8,47.2,61.5,427.8,6.8,4.3,0,139.5,235.6,0,1009.5,1014.4,9
33535111,11,1961,1990,15.9,10.3,21.6,1.2,0,65,44,85,11.3,9,8,28,16.8,0,4.5,12,21.8,57.8,103.2,5.5,2.9,0,117,207,0,1010.1,1015.6,9
33535111,12,1961,1990,12.5,7.2,17.8,1.2,0,65,46,85,9.3,9,8,33.8,13.5,0,3.3,7.2,26.1,59.5,276.1,5.4,3.5,0,105.4,186,0,1010.8,1016.8,9
33535321,01,1961,1990,9.1,4.2,14,1.2,,68.5,,,,,,37.9,,,,,,,,,4.9,,97.5,182,,,,
33535321,02,1961,1990,10.1,4.9,15.3,1.4,,66.8,,,,,,34.6,,,,,,,,,5,,100,,,,,
33535321,03,1961,1990,11.6,6.2,17.2,1.4,,63.5,,,,,,44.7,,,,,,,,,5.8,,121.8,,,,,
33535321,04,1961,1990,14.5,8.4,20.5,2,,60.6,,,,,,40.1,,,,,,,,,5.7,,132.4,,,,,
33535321,05,1961,1990,18.5,11.7,25.3,1.7,,55.5,,,,,,33.3,,,,,,,,,4.7,,170.1,,,,,
33535321,06,1961,1990,22.8,15,30.5,1.7,,52.6,,,,,,17.6,,,,,,,,,2.3,,220.9,,,,,
33535321,07,1961,1990,26,17.7,34.3,1.1,,52,,,,,,9.8,,,,,,,,,1.1,,278.6,,,,,
33535321,08,1961,1990,26.2,18.2,34.1,1.4,,58,,,,,,20.7,,,,,,,,,2.6,,242.4,,,,,
33535321,09,1961,1990,22.6,16.1,29.3,1.2,,63.2,,,,,,44.6,,,,,,,,,5.3,,164,,,,,
33535321,10,1961,1990,18,12.2,23.8,1.4,,65.3,,,,,,57.1,,,,,,,,,5.7,,127.7,,,,,
33535321,11,1961,1990,13.6,8.1,19.1,1.3,,64.8,,,,,,29,,,,,,,,,4.1,,111.2,,,,,
33535321,12,1961,1990,10.1,5.2,15.2,1.4,,68.3,,,,,,32.3,,,,,,,,,4.6,,98.7,112,,,,
33737131,01,1961,1990,11.7,7.4,16,1,,,,,,,,31.2,,,,,,,,,4.5,,67.9,,,,,
33737131,02,1961,1990,11.8,7.8,15.9,1.2,,,,,,,,31.3,,,,,,,,,4.4,,61,,,,,
33737131,03,1961,1990,14.5,10.4,18.6,1.2,,,,,,,,32.1,,,,,,,,,4.6,,78.5,,,,,
33737131,04,1961,1990,15.9,11.2,20.6,1.2,,,,,,,,26.6,,,,,,,,,4.8,,94.3,,,,,
33737131,05,1961,1990,19.7,15.1,24.1,1.4,,,,,,,,14.2,,,,,,,,,3,,99.7,,,,,
33737131,06,1961,1990,23.2,19.1,27.2,1.2,,,,,,,,6.4,,,,,,,,,1.1,,118.4,,,,,
33737131,07,1961,1990,25.8,21.5,30.1,1.2,,,,,,,,1.6,,,,,,,,,0.3,,123.6,,,,,
33737131,08,1961,1990,27.8,23.4,32.2,1.4,,,,,,,,10.5,,,,,,,,,1.6,,123.1,,,,,
33737131,09,1961,1990,26.3,22,30.6,1.3,,,,,,,,32.1,,,,,,,,,4.1,,115.4,,,,,
33737131,10,1961,1990,22.7,18.5,27,1.6,,,,,,,,63.8,,,,,,,,,5,,105.6,,,,,
33737131,11,1961,1990,17.3,13,21.6,1.5,,,,,,,,32.5,,,,,,,,,4,,95.5,,,,,
33737131,12,1961,1990,12.8,8.5,17.2,1.3,,,,,,,,51,,,,,,,,,3.7,,85.8,,,,,
33737331,01,1961,1990,11.5,6.5,16.6,1.2,,73.6,,,,,,36.2,,,,,,,,,4.8,,70.7,,,,,
33737331,02,1961,1990,12.1,6.8,17.5,1.6,,70.5,,,,,,40.2,,,,,,,,,5.3,,67.4,,,,,
33737331,03,1961,1990,13.8,8.3,19.3,1.3,,70.9,,,,,,38.6,,,,,,,,,5,,81.1,,,,,
33737331,04,1961,1990,16.1,10.7,21.5,1.9,,67.3,,,,,,30.7,,,,,,,,,4.8,,90.5,,,,,
33737331,05,1961,1990,19.8,14.1,25.6,1,,65,,,,,,20.7,,,,,,,,,3.4,,113.6,,,,,
33737331,06,1961,1990,23.7,17.9,29.6,1.3,,62.8,,,,,,11.4,,,,,,,,,2.2,,140.3,,,,,
33737331,07,1961,1990,26.8,20.4,33.3,1.1,,61.4,,,,,,3.6,,,,,,,,,0.4,,166.3,,,,,
33737331,08,1961,1990,27.1,21,33.3,1.4,,65.7,,,,,,11.3,,,,,,,,,1.9,,146.7,,,,,
33737331,09,1961,1990,24.7,19.2,30.3,0.9,,71.3,,,,,,30.9,,,,,,,,,4.2,,104,,,,,
33737331,10,1961,1990,20.4,15.2,25.6,1.3,,71.9,,,,,,59,,,,,,,,,4.9,,93.4,,,,,
33737331,11,1961,1990,15.8,10.4,21.2,1,,71.5,,,,,,51.2,,,,,,,,,4.6,,73.3,,,,,
33737331,12,1961,1990,12.3,7.2,17.5,1.1,,71.8,,,,,,40.8,,,,,,,,,4,,69.1,,,,,
33737721,01,1961,1990,12.2,7.4,17,1.2,,,,,,,,39.9,,,,,,,,,5.1,,60.8,,,,,
33737721,02,1961,1990,12.2,7.5,17.1,1.4,,,,,,,,37.4,,,,,,,,,4.3,,61.2,,,,,
33737721,03,1961,1990,13.9,8.9,18.9,0.7,,,,,,,,35.7,,,,,,,,,4.6,,76.2,,,,,
33737721,04,1961,1990,15.3,10.1,20.4,1.2,,,,,,,,28.9,,,,,,,,,4.8,,79.1,,,,,
33737721,05,1961,1990,18.9,13.7,24.2,1.3,,,,,,,,20.4,,,,,,,,,4.1,,91.3,,,,,
33737721,06,1961,1990,22.5,17.5,27.4,1.1,,,,,,,,9,,,,,,,,,1.5,,96.3,,,,,
33737721,07,1961,1990,24.9,19.6,30.2,0.9,,,,,,,,1.2,,,,,,,,,0.8,,117.6,,,,,
33737721,08,1961,1990,26.7,21.4,31.9,0.9,,,,,,,,14.7,,,,,,,,,1.1,,117.8,,,,,
33737721,09,1961,1990,24.8,19.9,29.9,0.7,,,,,,,,25.1,,,,,,,,,5.1,,101.1,,,,,
33737721,10,1961,1990,21.4,16.5,26.4,1.2,,,,,,,,51.7,,,,,,,,,5,,82,,,,,
33737721,11,1961,1990,16.9,11.8,22,0.8,,,,,,,,53.2,,,,,,,,,4.2,,84.8,,,,,
33737721,12,1961,1990,13.4,8.4,18.4,1.3,,,,,,,,56.9,,,,,,,,,4.6,,73.5,,,,,
34040111,01,1961,1990,12,7.5,16.4,1,,70,53,87,10.3,,12,36,21.9,1.6,9.5,19.5,32.9,53.2,186,7.6,5,,111.6,167.4,,1018.6,1018.9,
34040111,02,1961,1990,12.8,8.3,17.3,1.1,,69,50,87,10.4,,12,31.6,15.7,0,6.7,12.6,25,62,194,7.3,4.2,,109.2,179.2,,1017,1017.2,
34040111,03,1961,1990,14.1,9.8,18.5,1,,70,51,88,11.5,,12,34,20.4,2.6,13.1,17.2,25.8,44,161.1,7.4,4.1,,127.1,207.7,,1015.5,1015.8,
34040111,04,1961,1990,16.2,11.9,20.6,1,,69,51,88,12.9,,13,25.3,20.5,0,10.1,16.9,25.4,38.7,103.1,6.3,4.4,,144,228,,1013.1,1013.4,
34040111,05,1961,1990,19.6,15.1,24.1,1.2,,69,50,89,16.1,,12,12.7,12.8,0,4.4,10.5,15.7,27.4,70.5,4.8,3,,155,275.9,,1013.9,1014.2,
34040111,06,1961,1990,23.4,18.8,28,1,,67,47,87,19.5,,12,5.9,2,0,0.3,1.8,3.1,6.1,23.5,2.4,1.3,,183,303,,1014.7,1014.9,
34040111,07,1961,1990,26.4,21.2,31.5,1,,65,43,86,22.4,,11,1,0,0,0,0,0.6,3,7.1,0.6,0.4,,220.1,337.9,,1014.5,1014.7,
34040111,08,1961,1990,27.1,22.2,32,1.1,,66,46,87,24.2,,11,7.2,1.5,0,0,1.3,6,23,53.2,2.1,1.2,,201.5,303.8,,1014.3,1014.5,
34040111,09,1961,1990,24.9,20.6,29.2,1.1,,70,53,87,22.6,,11,34.7,22,0,7.1,20.3,33.6,67.7,225,5.5,3.7,,165,240,,1015.3,1015.5,
34040111,10,1961,1990,21,16.8,25.2,1.4,,71,54,89,18.4,,11,63.2,28.7,0.1,11.2,27.6,56.6,86.5,400.1,7.4,4.6,,145.7,210.8,,1016,1016.2,
34040111,11,1961,1990,16.3,11.9,20.8,1.2,,70,53,87,13.5,,11,35.1,18.2,0,5.4,18.2,48.2,71.1,126.9,6.4,4.1,,120,189,,1016.9,1017.1,
34040111,12,1961,1990,13,8.6,17.3,1.1,,71,54,87,10.9,,12,59.2,27.7,0,10.2,23.8,44.3,75.5,384.2,7.2,4.3,,111.6,164.3,,1017.9,1018.1,
34242111,01,1952,2005,12.4,8.1,16.6,1.2,,74.6,53,96,10.3,,10.2,33.8,,0,,,,,154.2,6.2,4.4,,76,,,1014.5,1015.7,
34242111,02,1952,2005,12.6,8.4,16.9,1.3,,74.8,54.5,97,10.5,,9.7,30.4,,0,,,,,109.8,5.6,3.9,,75.8,,,1017.7,1018.9,
34242111,03,1952,2004,14.3,10.2,18.4,1.1,,76,59.5,99,12.3,,9.9,21.3,,0,,,,,83.3,5.1,3.5,,82.9,,,1019.4,1020.5,
34242111,04,1951,2004,16.3,12.3,20.2,1.5,,74.7,58,99,,,,18.4,,0,,,,,106.6,4.8,3.5,,76,6.2,,,,
34242111,05,1951,2004,19.2,15.1,23.4,1.4,,74,52,96.5,16.9,,11.2,13.3,,0,,,,,64.3,3.4,2.2,,93.2,,,1014.2,1015.1,
34242111,06,1951,2004,22.7,18.7,26.7,1.8,,71,40.5,96.5,21,,9.8,3.7,,0,,,,,26.4,1.7,0.8,,101.7,,,1014.7,1015.6,
34242111,07,1952,2004,25.7,21.4,30,1.3,,68.8,38.5,93,24.2,,10,0.3,,0,,,,,7.5,0.4,0.1,,106.8,,,1014.4,1015.2,
34242111,08,1951,2004,26.6,22.5,30.8,1.5,,68.7,41.5,94.5,26,,10.3,4.4,,0,,,,,25.4,1.3,0.9,,103.7,,,1014.2,1015,
34242111,09,1951,2004,24.7,20.7,28.8,1.6,,75,53.5,95,23.3,,10.8,55.8,,0,,,,,245.7,5,3.8,,106.2,,,1016.3,1017.1,
34242111,10,1951,2004,21.4,17.4,25.4,2,,76,54,98.5,22.4,,9.5,59.4,,0,,,,,259.3,5.9,4.5,,93.2,,,1014.4,1015.3,
34242111,11,1951,2004,17,12.6,21.3,1.2,,72.2,54.7,97.3,15.2,,9.9,42.9,,0,,,,,203.4,5.4,3.9,,82.7,5,,1014.4,1015.4,
34242111,12,1951,2004,13.5,9.3,17.8,1.5,,76,55,95.5,11.2,,9.4,44.9,,0,,,,,286.4,6.7,4.5,,77.5,,,1015.9,1017,
34242131,01,1961,1990,12.5,8.7,16.2,1.1,,,,,,,,31.9,,,,,,,,,4.7,,91.8,,,,,
34242131,02,1961,1990,12.6,8.6,16.7,1.1,,,,,,,,34.5,,,,,,,,,4.3,,95.9,,,,,
34242131,03,1961,1990,14.5,10.7,18.3,1,,,,,,,,27.2,,,,,,,,,3.5,,101.7,,,,,
34242131,04,1961,1990,16,12.7,19.2,1.6,,,,,,,,23.3,,,,,,,,,3.7,,110.2,,,,,
34242131,05,1961,1990,19.2,15.7,22.8,1.2,,,,,,,,10.4,,,,,,,,,2.2,,122.6,,,,,
34242131,06,1961,1990,22.6,20,25.3,1.7,,,,,,,,6.5,,,,,,,,,0.9,,106.5,,,,,
34242131,07,1961,1990,25.3,22.3,28.3,1,,,,,,,,1,,,,,,,,,0,,122.9,,,,,
34242131,08,1961,1990,27,23.9,30.1,1.4,,,,,,,,5.4,,,,,,,,,1.1,,141.8,,,,,
34242131,09,1961,1990,26,23.3,28.8,1.1,,,,,,,,37.7,,,,,,,,,3.5,,135.3,,,,,
34242131,10,1961,1990,23.1,20.1,26.1,1.7,,,,,,,,74.4,,,,,,,,,4.2,,135.8,,,,,
34242131,11,1961,1990,18,14.4,21.7,1.3,,,,,,,,33.4,,,,,,,,,3.3,,115.9,,,,,
34242131,12,1961,1990,13.4,9.4,17.5,1.6,,,,,,,,61.3,,,,,,,,,4.7,,106.4,,,,,
44848111,01,1961,1990,10.2,4.8,15.5,1.2,,64,44,85,7.8,,11,20.1,10,,,,,,,4.9,2.8,,111.6,170.5,,978.7,1011.4,
44848111,02,1961,1990,11.5,5.7,17.3,1.3,,62,39,85,7.9,,11,17.5,9.4,,,,,,,5,3.4,,126,198.8,,977.3,1008.8,
44848111,03,1961,1990,13.4,7.4,19.4,1.2,,62,37,87,8.8,,11,32,21.1,,,,,,,6.5,4.5,,158.1,210.8,,975.5,1005.2,
44848111,04,1961,1990,16.3,9.7,22.8,1.3,,60,33,87,9.8,,12,20.7,16.5,,,,,,,6,3.6,,183,231,,973,1000.7,
44848111,05,1961,1990,20.3,13.2,27.4,1.6,,57,29,84,11.9,,11,21.7,17,,,,,,,5.2,3.1,,251.1,257.3,,973.4,998.4,
44848111,06,1961,1990,24.9,17,32.8,1.2,,52,25,79,14.1,,11,10.7,5.8,,,,,,,3.3,1.9,,303,282,,974.7,997.6,
44848111,07,1961,1990,27.8,19.3,36.2,1.1,,47,20,74,14.9,,11,10,1.2,,,,,,,1.5,0.9,,375.1,322.4,,975.1,996.7,
44848111,08,1961,1990,27.8,20.1,35.5,1.3,,53,25,81,17.1,,11,10.7,4.9,,,,,,,3.3,1.9,,303.8,291.4,,974.9,996.5,
44848111,09,1961,1990,24.4,17.6,31.1,1.2,,60,33,88,17.3,,10,43.7,28.4,,,,,,,5.6,4,,201,264,,975.8,999,
44848111,10,1961,1990,19.9,14,25.7,1.4,,66,40,91,14.4,,9,42.1,26.9,,,,,,,5.7,3.8,,145.7,213.9,,976.4,1002,
44848111,11,1961,1990,14.6,9.1,19.9,1.3,,66,44,89,10.5,,10,17.4,9.6,,,,,,,4.3,2.9,,114,171,,976.6,1005.5,
44848111,12,1961,1990,11.2,5.7,16.7,1.5,,65,44,86,8.4,,10,26.8,11.8,,,,,,,4.3,2.9,,111.6,189.1,,977.4,1008.8,
44849232,01,1961,1990,10.3,4.9,16.1,1.2,,73.3,,,,,,25.7,,,,,,,,,2.9,,71.3,,,,,
44849232,02,1961,1990,12,5.9,18.2,1.3,,66.1,,,,,,15.7,,,,,,,,,2.7,,80.2,,,,,
44849232,03,1961,1990,14.2,7.8,20.5,1.2,,65.4,,,,,,26.2,,,,,,,,,3.4,,103.1,,,,,
44849232,04,1961,1990,16.9,10.4,23.7,2,,62.9,,,,,,13.5,,,,,,,,,2.5,,123,,,,,
44849232,05,1961,1990,20.9,13.8,28.2,1.6,,54.8,,,,,,14,,,,,,,,,2.3,,151.6,,,,,
44849232,06,1961,1990,25.2,17.6,33,1.3,,57.7,,,,,,5.8,,,,,,,,,1.1,,177.1,,,,,
44849232,07,1961,1990,28.2,20,36.4,1.4,,56.6,,,,,,3.1,,,,,,,,,0.3,,205.8,,,,,
44849232,08,1961,1990,28.4,20.7,36.1,1.2,,58.7,,,,,,7.8,,,,,,,,,1,,186,116.3,,,,
44849232,09,1961,1990,25.1,18.6,31.6,1.2,,67,,,,,,28,,,,,,,,,3,,137.3,,,,,
44849232,10,1961,1990,20.4,14.6,26.1,1.5,,73.3,,,,,,39,,,,,,,,,3.3,,101.8,,,,,
44849232,11,1961,1990,15,9.1,21.1,1.4,,71.7,,,,,,14.7,,,,,,,,,2.4,,85,,,,,
44849232,12,1961,1990,11.5,5.9,17.3,1.4,,74.1,,,,,,20.6,,,,,,,,,2.4,,74.9,,,,,
45050111,01,1961,1990,11.3,5.8,16.7,1.1,,65,43,87,9.1,,9,23,13.9,,,,,,,5.6,3.4,,105.4,198.4,,1016.9,1019.3,
45050111,02,1961,1990,12.2,6.5,18,1.1,,63,39,87,9.4,,10,19.4,8.2,,,,,,,5.8,3.3,,114.8,201.6,,1015.2,1017.5,
45050111,03,1961,1990,14,8.4,19.5,1,,63,39,87,10.6,,10,23.3,17.4,,,,,,,5.8,3.7,,133.3,238.7,,1013.5,1015.7,
45050111,04,1961,1990,16.4,11,21.8,1,,63,40,87,12,,10,17.6,14.6,,,,,,,4.9,2.8,,144,258,,1010.8,1013,
45050111,05,1961,1990,19.8,14.4,25.4,1.2,,62,39,85,15,,10,9.2,6,,,,,,,3.6,1.7,,176.7,310,,1011.5,1013.5,
45050111,06,1961,1990,23.4,17.8,28.9,1.1,,60,38,83,18.1,,9,3.9,0.6,,,,,,,1.6,0.6,,195,333,,1012.3,1014.1,
45050111,07,1961,1990,26,19.9,32,1.1,,59,35,83,20.6,,9,1.1,0,,,,,,,0.5,0.2,,217,378.2,,1012.3,1014.1,
45050111,08,1961,1990,26.7,21.1,32.2,1.1,,63,40,85,23.2,,9,4.7,0.1,,,,,,,1.4,0.5,,195.3,347.2,,1012.1,1013.8,
45050111,09,1961,1990,24.8,19.8,29.8,1.1,,65,44,87,21.8,,9,24.8,17,,,,,,,4,2.5,,153,273,,1013.2,1014.9,
45050111,10,1961,1990,21,16.1,26,1.5,,66,45,88,17.6,,9,56.9,20.6,,,,,,,5.8,3.6,,130.2,241.8,,1013.9,1015.9,
45050111,11,1961,1990,15.9,10.6,21.4,1.2,,65,43,87,12.4,,9,21.3,14.4,,,,,,,4.4,2.8,,117,210,,1015,1017.2,
45050111,12,1961,1990,12.2,6.7,17.6,1.2,,66,45,87,9.7,,9,28.9,15.9,,,,,,,4.7,2.9,,108.5,195.3,,1016.3,1018.6,
45051221,01,1961,1990,11.1,5.2,17,1.2,,73.4,,,,,,25.8,,,,,,,,,3,,111.4,,,,,
45051221,02,1961,1990,12.3,6.1,18.7,1.2,,70.9,,,,,,15.5,,,,,,,,,2.8,,108.3,,,,,
45051221,03,1961,1990,14.6,8.4,20.8,1.2,,70.3,,,,,,20.9,,,,,,,,,3.3,,154.2,,,,,
45051221,04,1961,1990,17.2,11.1,23.2,1,,68.3,,,,,,14.1,,,,,,,,,2.1,,155.3,,,,,
45051221,05,1961,1990,20.5,14.2,26.9,1.3,,67.4,,,,,,9.9,,,,,,,,,1.9,,180.5,,,,,
45051221,06,1961,1990,25,18.2,31.7,1.2,,61.6,,,,,,3.7,,,,,,,,,0.7,,211.1,,,,,
45051221,07,1961,1990,27.1,20.1,34.3,0.9,,68.4,,,,,,0.8,,,,,,,,,0.2,,210.4,,,,,
45051221,08,1961,1990,27.8,21,34.5,1.2,,74.3,,,,,,4.3,,,,,,,,,0.6,,207.8,,,,,
45051221,09,1961,1990,25.7,19.8,31.5,1.2,,73.4,,,,,,27,,,,,,,,,2.3,,149.4,,,,,
45051221,10,1961,1990,21.2,15.5,26.9,1.5,,74.2,,,,,,47.2,,,,,,,,,3.3,,134.6,,,,,
45051221,11,1961,1990,16.1,10.3,22,1.4,,72.1,,,,,,16.7,,,,,,,,,2.6,,111.4,,,,,
45051221,12,1961,1990,12.4,6.6,18.3,1.4,,80.3,,,,,,29.9,,,,,,,,,2.2,,116.7,,,,,
46565111,01,1961,1990,12,7.5,16.5,1.1,0,62,45,79,8.8,9,9,24.3,14.4,0,1.1,7.2,15.1,23.6,219.3,4.9,2.8,0,148.8,220.1,0,1019.5,1019.9,9
46565111,02,1961,1990,13.3,8.4,18.1,1.4,0,59,40,79,8.8,9,9,18.1,10.6,0,0.8,8.6,13.8,24.4,92,4.6,2.4,0,151.2,215.6,0,1016.9,1017.3,9
46565111,03,1961,1990,15.1,10.4,19.7,1,0,62,42,82,10.3,9,9,23.2,12.3,0.9,6.3,10.8,22.2,36.5,90.8,4.7,2.8,0,164.3,251.1,0,1015.7,1016.1,9
46565111,04,1961,1990,17.7,13.6,21.8,0.8,0,63,44,82,12.5,9,10,12.7,10.2,0.1,1,6.9,13.3,20.9,42.5,4.1,2.4,0,171,267,0,1013.2,1013.5,9
46565111,05,1961,1990,20.8,16.9,24.6,0.9,0,65,48,83,16.1,9,9,6.6,2.5,0,0.6,1.4,4.4,12.6,26.6,3.1,1.1,0,167.4,313.1,0,1013.7,1014.1,9
46565111,06,1961,1990,24,20.7,27.3,0.8,0,66,51,82,20.2,9,9,2.7,0.9,0,0,0.4,1.6,5.3,15.7,1.5,0.6,0,165,321,0,1014.4,1014.7,9
46565111,07,1961,1990,26.6,22.6,30.6,0.9,0,63,46,81,22.7,9,8,0.5,0,0,0,0,0,0.2,2.7,0.3,0.1,0,192.2,372,0,1014.7,1015,9
46565111,08,1961,1990,27.4,23.5,31.3,0.7,0,65,48,81,24.2,9,8,0.7,0,0,0,0,0,0.8,7.4,0.6,0.2,0,189.1,353.4,0,1014.4,1014.7,9
46565111,09,1961,1990,25.6,21.7,29.5,0.9,0,66,49,83,22,9,8,22.6,9.6,0,0.9,5.8,14.5,39.3,106.5,3.8,1.6,0,165,279,0,1015.9,1016.2,9
46565111,10,1961,1990,21.7,17.4,26,1.3,0,64,47,82,17.1,9,8,44.1,21.9,0,2.7,12.4,30.7,67.5,265.9,5.3,3.4,0,164.3,260.4,0,1016.8,1017.1,9
46565111,11,1961,1990,16.8,12.1,21.5,1.3,0,62,44,80,11.7,9,8,26.7,9.3,0,0.8,7,25.3,48.6,141.7,4.6,2.7,0,153,228,0,1018.2,1018.6,9
46565111,12,1961,1990,13,8.4,17.5,1.5,0,64,47,80,9.6,9,9,29.7,14.8,0,0.7,4.7,31.3,56.7,200.8,4.6,3.1,0,148.8,210.8,0,1019.4,1019.8,9
46565711,01,1961,1990,10.8,6.3,15.4,1.2,,,,,,,,57.8,,,,,,,,,3.6,,103.4,,,,,
46565711,02,1961,1990,12.4,7.2,17.8,1.5,,,,,,,,13.2,,,,,,,,,1.7,,113.5,,,,,
46565711,03,1961,1990,15.2,9.7,20.8,1,,,,,,,,20.1,,,,,,,,,1.6,,155.1,,,,,
46565711,04,1961,1990,17.4,11.5,23.3,1.6,,,,,,,,11.6,,,,,,,,,1.3,,171.4,,,,,
46565711,05,1961,1990,20.9,14.6,27.2,2.2,,,,,,,,5.1,,,,,,,,,1.5,,200.7,,,,,
46565711,06,1961,1990,24.8,18.7,31,1.6,,,,,,,,2.6,,,,,,,,,0.2,,235.2,,,,,
46565711,07,1961,1990,27.9,21.4,34.4,1.5,,,,,,,,0.1,,,,,,,,,0,,286.4,,,,,
46565711,08,1961,1990,29.7,23.3,36.2,1.4,,,,,,,,1.1,,,,,,,,,0.4,,290.7,,,,,
46565711,09,1961,1990,26.9,21.1,32.7,1,,,,,,,,18.5,,,,,,,,,1.9,,229.5,,,,,
46565711,10,1961,1990,22.6,17.1,28.3,1.9,,,,,,,,42.8,,,,,,,,,1.6,,199.8,,,,,
46565711,11,1961,1990,16.9,11.5,22.4,1.5,,,,,,,,11.5,,,,,,,,,1.8,,145,,,,,
46565711,12,1961,1990,12.4,7.3,17.5,1.9,,,,,,,,30.1,,,,,,,,,2.4,,131.7,,,,,
46565931,01,1961,1990,11.9,7,16.7,1.1,,,,,,,,52.4,,,,,,,,,3.5,,77.7,,,,,
46565931,02,1961,1990,12.8,7.5,18.2,1.2,,,,,,,,14.3,,,,,,,,,2.3,,86.6,,,,,
46565931,03,1961,1990,15.3,10.1,20.6,0.9,,,,,,,,21,,,,,,,,,1.8,,102.6,,,,,
46565931,04,1961,1990,17.5,11.8,23.2,1.3,,,,,,,,19.1,,,,,,,,,1.7,,134,,,,,
46565931,05,1961,1990,21.3,15.5,27.1,1.5,,,,,,,,4.5,,,,,,,,,1.5,,146.8,,,,,
46565931,06,1961,1990,24.6,19.1,30.2,1.3,,,,,,,,3.2,,,,,,,,,0.3,,160.8,,,,,
46565931,07,1961,1990,27.3,21.5,33.1,0.9,,,,,,,,0.3,,,,,,,,,0.1,,184.6,,,,,
46565931,08,1961,1990,29.2,23.1,35.2,1.4,,,,,,,,0.5,,,,,,,,,0.5,,188.5,,,,,
46565931,09,1961,1990,27,21.6,32.5,1,,,,,,,,27.2,,,,,,,,,2.5,,133,,,,,
46565931,10,1961,1990,23.1,17.8,28.5,1.5,,,,,,,,18.2,,,,,,,,,1.9,,129.2,,,,,
46565931,11,1961,1990,17.6,12.5,22.7,0.8,,,,,,,,5.8,,,,,,,,,1.3,,92.3,,,,,
46565931,12,1961,1990,13.1,8.1,18.1,1.5,,,,,,,,34.4,,,,,,,,,2.4,,80.8,,,,,
57070111,01,1961,1990,12.1,7.2,17.1,1.4,,59,40,79,8.7,,10,20.7,11.9,,,,,,,4.6,3,,114.7,195.3,,1007,1017.3,
57070111,02,1961,1990,14.1,8.5,19.7,1.4,,56,35,78,9.1,,9,16.8,9.5,,,,,,,4.1,2.8,,126,204.4,,1005.6,1015.5,
57070111,03,1961,1990,15.9,10.1,21.6,1.2,,57,32,80,10,,10,27.1,15.4,,,,,,,4.7,3.1,,151.9,235.6,,1003.7,1013.1,
57070111,04,1961,1990,19.1,12.9,25.2,1.3,,56,32,81,10.9,,10,14.1,5.9,,,,,,,3.2,1.6,,180,255,,1000.4,1009.2,
57070111,05,1961,1990,22.5,16.2,28.8,1.7,,55,31,80,14,,10,7,4.4,,,,,,,2.8,1.4,,217,257.3,,1000.9,1009,
57070111,06,1961,1990,26.4,19.7,33.1,1.4,,55,31,80,17.4,,9,1.2,0,,,,,,,0.8,0.4,,222,291,,1001.3,1008.9,
57070111,07,1961,1990,29,21.9,36,1.2,,54,29,79,19.2,,8,0.1,0,,,,,,,0.2,0.1,,241.8,322.4,,1001.5,1008.7,
57070111,08,1961,1990,29.7,22.9,36.4,1,,57,31,82,20.6,,9,0.6,0,,,,,,,0.5,0.1,,213.9,316.2,,1001.5,1008.5,
57070111,09,1961,1990,26.9,21,32.8,1.2,,63,39,87,20.8,,9,16.2,8,,,,,,,2.9,1.7,,159,264,,1002.4,1009.9,
57070111,10,1961,1990,22.9,17.2,28.4,1.8,,64,40,86,16.6,,8,31.6,7,,,,,,,4.5,2.8,,136.4,232.5,,1003.3,1011.3,
57070111,11,1961,1990,17.3,12.3,22.3,1.4,,62,42,80,12,,8,19.7,4.9,,,,,,,3.7,2.3,,117,186,,1004.6,1013.7,
57070111,12,1961,1990,13.3,8.3,18.3,1.7,,61,43,80,9.4,,8,28.3,19.1,,,,,,,4.7,3.3,,108.5,192.2,,1006.3,1016.3,
57070211,01,1961,1990,12.5,8.9,15.9,1,,69,51,87,10.2,,10,28,14.1,,,,,,,5.3,3.4,,93,207.7,,1019.6,1019.9,
57070211,02,1961,1990,13.5,9.2,17.5,1,,67,46,87,10.3,,10,20.5,11.9,,,,,,,5.5,3.1,,92.4,207.2,,1017.8,1018.1,
57070211,03,1961,1990,15.2,11,19.5,1,,66,45,88,11.4,,11,19.6,13.3,,,,,,,4.8,2.7,,120.9,244.9,,1015.8,1016.1,
57070211,04,1961,1990,17.8,13.4,22,1,,66,44,87,12.8,,11,13.3,7.6,,,,,,,3.2,1.8,,132,264,,1013,1013.3,
57070211,05,1961,1990,21,16.4,25.5,1.3,,65,43,87,15.8,,11,5,1.6,,,,,,,2.6,1.1,,151.9,313.1,,1013.4,1013.7,
57070211,06,1961,1990,24.4,19.7,28.6,1.2,,66,44,88,19.4,,11,1.4,0.3,,,,,,,1.4,0.5,,150,321,,1014.1,1014.4,
57070211,07,1961,1990,26.9,21.9,31.9,1.1,,63,40,87,21.9,,9,0.3,0,,,,,,,0.3,0,,167.4,375.1,,1014.3,1014.6,
57070211,08,1961,1990,27.7,22.9,32.3,1.1,,65,43,87,23.9,,9,1.5,0,,,,,,,0.5,0.1,,161.2,350.3,,1014.1,1014.4,
57070211,09,1961,1990,25.9,21.6,29.9,1.1,,69,48,89,22.9,,9,21.2,9.1,,,,,,,3.6,2.1,,126,276,,1015.1,1015.4,
57070211,10,1961,1990,22.3,18.2,26,1.4,,68,48,88,18.4,,10,53.5,21.9,,,,,,,6,3.5,,120.9,248,,1016,1016.3,
57070211,11,1961,1990,17.3,13.7,21.3,1.1,,67,48,86,13.4,,10,32.6,9,,,,,,,4.8,2.8,,114,213,,1017.5,1017.8,
57070211,12,1961,1990,13.7,10.2,17.1,1.1,,70,52,88,11,,10,36,20.4,,,,,,,5.1,3.5,,105.4,204.6,,1018.9,1019.3,
57070621,01,1961,1990,12.2,7.3,17.2,1.1,,,,,,,,22,,,,,,,,,3.3,,60.3,,,,,
57070621,02,1961,1990,13.3,8.2,18.5,1.2,,,,,,,,17.3,,,,,,,,,2.9,,68.3,,,,,
57070621,03,1961,1990,15.7,11.1,20.3,1.5,,,,,,,,24.2,,,,,,,,,2.8,,90.6,,,,,
57070621,04,1961,1990,17.4,13.1,21.8,0.9,,,,,,,,10.6,,,,,,,,,1.7,,97.3,,,,,
57070621,05,1961,1990,20.7,16.9,24.5,1.1,,,,,,,,6.2,,,,,,,,,1.1,,103.7,,,,,
57070621,06,1961,1990,24,20.6,27.5,1.1,,,,,,,,1,,,,,,,,,0.4,,104.7,,,,,
57070621,07,1961,1990,26.4,22.7,30.2,0.8,,,,,,,,0.2,,,,,,,,,0.1,,120.1,,,,,
57070621,08,1961,1990,27.9,23.8,32,0.9,,,,,,,,2.4,,,,,,,,,0.3,,130.1,,,,,
57070621,09,1961,1990,27.5,23.7,31.2,1,,,,,,,,26.6,,,,,,,,,1.8,,122.1,,,,,
57070621,10,1961,1990,24.5,19.8,29.1,1.4,,,,,,,,43.1,,,,,,,,,3.3,,111.1,,,,,
57070621,11,1961,1990,18.6,13.8,23.4,1.2,,,,,,,,34.7,,,,,,,,,3.3,,82.4,,,,,
57070621,12,1961,1990,13.2,8.1,18.4,1.2,,,,,,,,50.6,,,,,,,,,4.1,,66.1,,,,,
57070831,01,1961,1990,12.4,7.2,17.7,0.9,,,,,,,,22.1,,,,,,,,,3.2,,55.7,,,,,
57070831,02,1961,1990,13.7,8,19.4,1,,,,,,,,17.5,,,,,,,,,2.5,,49.9,,,,,
57070831,03,1961,1990,15.7,10.1,21.4,1.2,,,,,,,,27.6,,,,,,,,,2.3,,70.2,,,,,
57070831,04,1961,1990,18.9,13,24.9,2.3,,,,,,,,9.6,,,,,,,,,1.5,,86.4,,,,,
57070831,05,1961,1990,22,16.2,27.9,2.1,,,,,,,,6.1,,,,,,,,,1.2,,100.5,,,,,
57070831,06,1961,1990,25.8,20.2,31.5,1.6,,,,,,,,0.3,,,,,,,,,0.5,,112.3,,,,,
57070831,07,1961,1990,28,22.1,33.9,0.9,,,,,,,,0.1,,,,,,,,,0,,129.2,,,,,
57070831,08,1961,1990,29.1,23.3,34.9,1.2,,,,,,,,1.1,,,,,,,,,0.2,,118.2,,,,,
57070831,09,1961,1990,27.4,22.2,32.7,1.3,,,,,,,,17.1,,,,,,,,,1.6,,108.6,,,,,
57070831,10,1961,1990,23.6,17.8,29.5,2,,,,,,,,33.4,,,,,,,,,2.1,,92.6,,,,,
57070831,11,1961,1990,18.1,12.2,24,1.1,,,,,,,,33.7,,,,,,,,,2.4,,56.6,,,,,
57070831,12,1961,1990,13.8,8.2,19.5,1.1,,,,,,,,29.1,,,,,,,,,3.6,,49.2,,,,,
57272111,01,1961,1990,11.3,6.8,15.8,1.5,,66,45,88,8.2,,,19.3,10.1,,,,,,,5.6,4.1,,50.8,,,993.9,1015.2,
57272111,02,1961,1990,13.2,7.8,18.5,1.5,,58,33,84,8.2,,,9.8,8,,,,,,,3.7,2.5,,73,,,993.7,1014.4,
57272111,03,1961,1990,15.9,10.4,21.3,1.2,,59.4,33.4,85.4,8.8,,,17,13,,,,,,,3.7,2.8,,87.2,,,990.9,1010.2,
57272111,04,1961,1990,18.7,12.4,24.9,1.6,,55.4,28.6,82.2,9.7,,,10.2,8.2,,,,,,,2.7,1.5,,108.5,,,987.2,1005.1,
57272111,05,1961,1990,22.9,16.5,29.4,2,,54.6,27.4,81.8,12.3,,,7,1.6,,,,,,,3.5,1.1,,143.6,,,987.5,1003.8,
57272111,06,1961,1990,26.8,19.9,33.7,1.8,,53.4,24,82.8,14.4,,,0.6,0,,,,,,,0.7,0.3,,177.2,,,988.2,1003.4,
57272111,07,1961,1990,29.2,22.1,36.2,1,,50.9,21,80.8,14.8,,,0.1,0,,,,,,,0.3,0,,190.2,,,988.6,1003.2,
57272111,08,1961,1990,29.4,22.4,36.2,1.4,,52.4,24,80.8,17.4,,,1.7,0,,,,,,,0.4,0.2,,157.1,,,959.7,1002.2,
57272111,09,1961,1990,28.5,22,34.9,1.3,,56.4,28.3,84.5,17.5,,,8.7,1.8,,,,,,,2.7,1.6,,140.7,,,982.3,1003.9,
57272111,10,1961,1990,25.2,18.9,31.5,1.9,,53.8,26.8,80.8,13.6,,,13.4,2.4,,,,,,,3.3,1.7,,113.7,,,988.7,1005,
57272111,11,1961,1990,17.5,12.4,22.7,0.8,,62.4,39.8,85,10.3,,,7.6,6.3,,,,,,,3,1.9,,68.9,,,994.6,1013.2,
57272111,12,1961,1990,12,7.1,16.9,1.9,,66.5,45.5,87.5,7.7,,,11.9,6.6,,,,,,,3.2,1.7,,58.4,,,991.6,1012.1,
57272511,01,1961,1990,11.5,6.6,16.5,1.4,,62,42,80,7.7,,9,6.8,5.2,,,,,,,3.7,2,,124,201.5,,985.3,1012.2,
57272511,02,1961,1990,13.7,8,19.2,1.5,,55,33,77,7.4,,9,7.2,4.6,,,,,,,3.5,1.8,,142.8,207.2,,983.4,1009.1,
57272511,03,1961,1990,15.7,9.7,21.7,1.2,,55,31,79,8.2,,9,20.1,8.4,,,,,,,3.9,2.5,,182.9,248,,981.3,1005.3,
57272511,04,1961,1990,19.4,12.7,26.1,1.4,,53,27,78,9,,10,11.9,3.2,,,,,,,2.2,1.1,,225,261,,978.6,1000.6,
57272511,05,1961,1990,23.4,16,30.7,1.7,,52,24,78,11.2,,10,4.1,0.6,,,,,,,1.9,0.9,,266.6,282.1,,979.1,999.2,
57272511,06,1961,1990,27.3,19.4,35.1,1.5,,50,23,75,13.6,,9,2.1,0.3,,,,,,,0.9,0.5,,294,297,,980,998.7,
57272511,07,1961,1990,29,21,36.8,1.4,,49,23,75,14.9,,8,0.2,0,,,,,,,0.2,0,,303.8,350.3,,980.6,998.6,
57272511,08,1961,1990,29.6,21.8,37.2,1.3,,52,23,79,16.1,,8,0.2,0,,,,,,,0.4,0.3,,285.2,331.7,,980.7,998.6,
57272511,09,1961,1990,26.8,20.1,33.4,1.4,,58,30,85,16.3,,8,5.8,3.2,,,,,,,2.2,1.2,,213,264,,981.5,1000.4,
57272511,10,1961,1990,22,16,27.9,2,,58,34,82,13.1,,8,12.6,2.4,,,,,,,2.9,1.3,,173.6,241.8,,982.3,1003.1,
57272511,11,1961,1990,16.4,11.1,21.8,1.5,,59,39,79,9.9,,8,9.3,3,,,,,,,2.8,1.7,,141,213,,983.7,1007.3,
57272511,12,1961,1990,12.2,7.3,17.1,1.7,,63,44,80,8.2,,8,11.3,5.6,,,,,,,3.3,1.9,,120.9,195.3,,984.9,1011,
57272512,01,1961,1990,10.3,4,16.5,1.5,,60,37,83,7.3,,9,7.4,0.9,,,,,,,2.2,1.1,,145.7,213.9,,993,1017,
57272512,02,1961,1990,12.8,5.9,19.7,1.4,,53,29,77,6.8,,10,2.6,0.2,,,,,,,1.6,0.8,,179.2,215.6,,991.3,1013.7,
57272512,03,1961,1990,16.1,8.9,23.1,1.4,,49,26,73,7.6,,11,14.2,5.6,,,,,,,2.2,1.5,,263.5,260.4,,988.2,1008.7,
57272512,04,1961,1990,21.2,13.7,28.6,1.6,,41,19,63,7.9,,12,2.9,0.2,,,,,,,1.2,0.7,,375,264,,984.9,1003.2,
57272512,05,1961,1990,25.6,17.8,33.4,1.8,,37,17,58,9.5,,12,1,0.1,,,,,,,0.9,0.6,,499.1,282.1,,984.4,1000.9,
57272512,06,1961,1990,30.6,22.3,38.8,1.6,,34,15,52,11.3,,12,0.6,0,,,,,,,0.7,0.2,,567,261,,985.2,1000.4,
57272512,07,1961,1990,31.7,23.5,39.9,1.4,,32,14,51,11.8,,11,0.1,0,,,,,,,0.1,0,,573.5,316.2,,985.7,1000.4,
57272512,08,1961,1990,31.8,23.7,39.8,1.5,,36,15,56,12.7,,11,0.1,0,,,,,,,0.1,0.1,,520.8,328.6,,985.9,1000.6,
57272512,09,1961,1990,28.5,21.1,35.8,1.4,,44,19,67,13.7,,11,2.5,0,,,,,,,0.9,0.6,,417,276,,986.7,1002.4,
57272512,10,1961,1990,23.4,16.5,30.1,1.8,,49,26,72,12.3,,10,3.9,1.6,,,,,,,1.6,0.9,,322.4,238.7,,988.4,1006,
57272512,11,1961,1990,16.1,9.8,22.3,1.5,,58,36,81,9.7,,9,7,0,,,,,,,2,0.9,,180,207,,989.5,1010,
57272512,12,1961,1990,10.9,4.9,16.8,1.6,,63,41,85,7.9,,9,7.1,2,,,,,,,2.3,1.1,,124,201.5,,992.1,1015.5,
64545111,01,1961,1990,9.4,4.1,14.7,1.1,0,65,45,85,7.6,9,9,20.6,8.2,0,0.2,5.7,11.6,19.6,264.2,4.4,2.3,0,99.2,204.6,0,982.8,1012.1,9
64545111,02,1961,1990,11.1,5.4,17,1.2,0,61,40,82,7.9,9,9,15.8,7.9,0,1.5,5.3,13.3,23.1,78.2,4.2,2.5,0,123.2,212.8,0,980.5,1008.3,9
64545111,03,1961,1990,13.7,7.7,19.7,1.2,0,58,35,80,8.4,9,10,21.8,13.4,0,7.3,13.1,24.5,33.3,98.1,4.7,3.1,0,170.5,244.9,0,979.2,1005.3,9
64545111,04,1961,1990,17.1,10.7,23.6,1.2,0,55,31,78,9.7,9,10,12.1,10.6,0,1.8,7.8,12.1,21.5,44.6,4.5,2.2,0,207,267,0,976.9,1000.9,9
64545111,05,1961,1990,21.7,14.8,28.7,1.5,0,52,28,76,12,9,10,12.8,8.6,0,0.6,5.6,10.5,19.3,56.5,3.7,2,0,266.6,306.9,0,977.6,999.3,9
64545111,06,1961,1990,26.1,18.7,33.7,1.1,0,47,24,70,14.2,9,10,7.4,1.1,0,0,0.7,3.4,14.6,46.5,1.8,1.2,0,321,324,0,978.5,998.3,9
64545111,07,1961,1990,28.9,21.3,36.8,1.2,0,43,21,65,15,9,9,0.6,0,0,0,0,0,1.5,3.9,0.8,0.2,0,359.6,356.5,0,979.2,998,9
64545111,08,1961,1990,28.7,21.5,36.2,1,0,48,25,72,16.9,9,9,5.9,0.9,0,0,0.2,4.2,7.8,40.6,1.9,1,0,313.1,337.9,0,979.1,998,9
64545111,09,1961,1990,25.3,18.8,31.6,1.1,0,55,31,80,16.4,9,9,20,16.2,0,1.6,9.2,19.1,36.6,105.1,3.9,2.5,0,222,282,0,980.6,1000.1,9
64545111,10,1961,1990,19.8,14,25.7,1.5,0,61,39,82,13.5,9,8,20.7,15.4,0,1.1,8.3,22.8,32.1,84.9,4.6,2.6,0,164.3,254.2,0,981.1,1003.9,9
64545111,11,1961,1990,14,8.4,19.8,1.4,0,65,44,85,10,9,8,14.4,11.4,0,0.2,7.1,15.3,30.1,73.5,3.8,2,0,123,222,0,982.1,1008.2,9
64545111,12,1961,1990,10,4.7,15.4,1.3,0,68,49,87,8.3,9,8,21.6,7.8,0,0.4,6.3,11.9,25.9,183,4.1,2.3,0,93,207.7,0,982.9,1011.7,9
64646111,01,1961,1990,7.7,2.1,13.3,1.3,,,,,6.7,,,19.7,8.5,,,,,,,5.1,2.9,,70.7,,,938.4,1006.7,
64646111,02,1961,1990,8.7,3,14.5,1.5,,,,,6.3,,,18.1,5.4,,,,,,,4.1,2.2,,76.3,,,940.7,1006.8,
64646111,03,1961,1990,11.7,5.5,17.8,0.9,,,,,7.8,,,35,22.9,,,,,,,5.4,3.9,,109.8,,,936.6,997.1,
64646111,04,1961,1990,13.4,6.5,20.2,1.5,,,,,8.4,,,24,20.8,,,,,,,6.1,4.3,,135.7,,,934.2,987.6,
64646111,05,1961,1990,18.3,10.8,25.8,1.9,,,,,12.5,,,31.3,25.2,,,,,,,5.9,4.5,,169,,,935,983.6,
64646111,06,1961,1990,23.5,15,32.1,1.4,,,,,13.1,,,28.7,11.2,,,,,,,4.3,3.1,,231.7,,,937.9,982.7,
64646111,07,1961,1990,26.3,17.3,35.3,0.8,,,,,12.4,,,12.7,7,,,,,,,2.7,1.6,,270,,,935.8,978.1,
64646111,08,1961,1990,26.2,17.5,34.9,1.3,,,,,13.3,,,22,16.3,,,,,,,5.3,3.6,,240.6,,,937.1,979.3,
64646111,09,1961,1990,23.7,16.1,31.3,1.2,,,,,14.4,,,40.6,34.2,,,,,,,6.6,4.7,,181.4,,,935.6,981.4,
64646111,10,1961,1990,18.9,12.1,25.7,1.5,,,,,11.9,,,34.8,17.4,,,,,,,5.7,3.7,,139.9,,,938.2,990.2,
64646111,11,1961,1990,13.2,7.1,19.2,1.2,,,,,8.7,,,16.3,14.1,,,,,,,5,3.3,,91.2,,,936.5,996.1,
64646111,12,1961,1990,8.6,2.9,14.2,1.6,,,,,7,,,19.3,6.9,,,,,,,4.5,2.3,,83.4,,,937.9,1003.6,
64646311,01,1961,1990,5.6,2.2,9,1.4,,74,57,91,6.5,,14,47.7,30.7,,,,,,,10.8,6.5,,111.6,142.6,,894.8,,
64646311,02,1961,1990,7.1,3.2,11.1,1.8,,70,51,89,6.7,,14,30.2,28.4,,,,,,,8.8,5.4,,114.8,170.8,,893.9,,
64646311,03,1961,1990,8.6,4.1,13,1.4,,71,51,92,7.5,,14,60.8,42,,,,,,,10.3,7,,124,207.7,,893.1,,
64646311,04,1961,1990,11.3,6.1,16.5,1.6,,67,44,90,8.1,,14,41.8,34.5,,,,,,,9.1,6.7,,153,213,,891.1,,
64646311,05,1961,1990,15.7,9.8,21.6,2.1,,63,39,87,10,,13,44.6,34.7,,,,,,,8.2,5.5,,198.4,241.8,,892.9,,
64646311,06,1961,1990,21.1,14.4,27.8,1.5,,55,30,79,11.6,,13,39.4,23.2,,,,,,,5.7,3.6,,282,270,,895.3,,
64646311,07,1961,1990,24.8,17.8,31.6,1.3,,47,23,70,11.8,,13,9.4,7.2,,,,,,,2.8,1.5,,375.1,294.5,,896.4,,
64646311,08,1961,1990,24.2,17.7,30.6,1.4,,52,26,77,12.8,,13,25,17,,,,,,,5.7,3.8,,316.2,266.6,,896.4,,
64646311,09,1961,1990,20.1,14.5,25.7,1.4,,60,34,86,12.7,,12,37.6,32.5,,,,,,,8,5.4,,210,252,,896.4,,
64646311,10,1961,1990,15.6,11,20.2,1.8,,67,45,89,10.9,,12,37.9,27,,,,,,,8,5,,151.9,217,,895.8,,
64646311,11,1961,1990,10,6.3,13.6,1.5,,73,55,90,8.5,,13,36.4,41,,,,,,,8.8,5.6,,102,153,,894.5,,
64646311,12,1961,1990,7,3.6,10.4,1.9,,73,56,89,7.1,,14,40.3,23.4,,,,,,,9.2,5.4,,105.4,151.9,,894.3,,
64646831,01,1961,1990,9.3,4,14.8,1.1,,69.8,,,,,,21.9,,,,,,,,,2.5,,99.8,,,,,
64646831,02,1961,1990,10.6,4.9,16.3,1.6,,62.9,,,,,,19.4,,,,,,,,,3.1,,84.9,,,,,
64646831,03,1961,1990,12.4,6.4,18.4,1.4,,65.1,,,,,,36.2,,,,,,,,,4.3,,110.4,,,,,
64646831,04,1961,1990,15.2,8.6,21.8,2.1,,59.1,,,,,,22.4,,,,,,,,,3.8,,121.8,,,,,
64646831,05,1961,1990,19.3,12.1,26.7,1.7,,57.7,,,,,,26.9,,,,,,,,,4,,137.1,,,,,
64646831,06,1961,1990,24,16.1,31.9,1.4,,58.1,,,,,,28.4,,,,,,,,,2.4,,162,,,,,
64646831,07,1961,1990,26.8,18.4,35.4,1,,58.8,,,,,,12,,,,,,,,,1.4,,182.4,,,,,
64646831,08,1961,1990,26.2,18.6,34.1,1.4,,60.3,,,,,,24.4,,,,,,,,,3,,173.2,,,,,
64646831,09,1961,1990,23.3,16.6,30.1,1.1,,66.4,,,,,,50.3,,,,,,,,,4.3,,126.8,,,,,
64646831,10,1961,1990,18,12.1,24.1,1.4,,68.8,,,,,,36.4,,,,,,,,,3.7,,109.6,,,,,
64646831,11,1961,1990,13.8,8.1,19.8,1.5,,68.9,,,,,,17.3,,,,,,,,,2.6,,96.1,,,,,
64646831,12,1961,1990,10.1,4.8,15.8,1.6,,71.4,,,,,,20,,,,,,,,,2.9,,100.1,,,,,
66060111,01,1961,1990,11.5,6.3,16.7,1.2,,63,43,82,8.4,,8,13.4,5.3,,,,,,,3.4,1.7,,102.3,201.5,,1010.2,1018.5,
66060111,02,1961,1990,13.8,8.2,19.4,1.3,,55,34,76,8.3,,9,8.7,2.5,,,,,,,2.9,1.6,,126,198.8,,1008.1,1016,
66060111,03,1961,1990,16.4,10.4,22.3,1.2,,52,29,74,9,,10,10.5,5.1,,,,,,,3.6,1.8,,179.8,235.6,,1005.7,1013,
66060111,04,1961,1990,20.1,13.8,26.4,1.2,,49,26,71,10.2,,11,8.1,4.1,,,,,,,2.4,1.5,,234,243,,1002.5,1009.3,
66060111,05,1961,1990,24.6,18,31.2,1.7,,46,24,68,12.4,,11,10.6,2.9,,,,,,,2.3,1.2,,291.4,282.1,,1002.5,1008.6,
66060111,06,1961,1990,29.3,22.3,36.3,1.1,,42,21,63,14.7,,12,2.4,0,,,,,,,1.1,0.5,,348,279,,1003.1,1008.7,
66060111,07,1961,1990,32,24.8,39.1,1.1,,40,19,61,16,,10,0.1,0,,,,,,,0.2,0.1,,359.6,331.7,,1003.6,1009,
66060111,08,1961,1990,32,25.1,38.9,1.1,,44,22,66,17.5,,10,1.7,0,,,,,,,0.7,0.4,,337.9,310,,1003.7,1009.1,
66060111,09,1961,1990,28.3,22.2,34.4,1.1,,51,28,74,17.7,,10,13,3.8,,,,,,,2.1,1.1,,243,264,,1004.9,1010.7,
66060111,10,1961,1990,22.6,17,28.2,1.6,,56,34,77,14.5,,8,10,5.1,,,,,,,2.7,1.5,,179.8,238.7,,1006.4,1012.8,
66060111,11,1961,1990,16.4,11.1,21.7,1.3,,60,40,80,11,,8,10.3,9.2,,,,,,,2.9,1.8,,120,201,,1008,1015.4,
66060111,12,1961,1990,12,6.8,17.2,1.1,,64,45,84,9,,7,11.6,3.2,,,,,,,2.9,1.6,,96.1,201.5,,1009.6,1017.7,
66464111,01,1961,1990,11.5,6.4,16.5,1.5,,68,48,88,9.1,,13,12.7,14.9,,,,,,,5.6,3.4,,93,176.7,,1017.6,1021.7,
66464111,02,1961,1990,13.5,7.2,19.8,1,,61,37,84,9.1,,10,9,3.9,,,,,,,2.9,1.7,,114.8,215.6,,1016.5,1020.4,
66464111,03,1961,1990,16.6,10.3,22.8,1,,56,29,83,10.5,,14,18,5.8,,,,,,,3.3,2.1,,179.8,229.4,,1013.1,1016.7,
66464111,04,1961,1990,20.3,13.6,27,1.4,,52,25,78,11.4,,18,9.9,1.2,,,,,,,2.1,1.2,,249,240,,1008.7,1012,
66464111,05,1961,1990,24.2,17.3,31.1,2,,53,29,76,14.5,,18,6.9,2.5,,,,,,,2,0.9,,328.6,266.6,,1008.8,1011.8,
66464111,06,1961,1990,28.1,21,35.3,1.4,,48,22,74,16.2,,19,1.4,0,,,,,,,0.8,0.2,,396,249,,1009,1011.8,
66464111,07,1961,1990,31,23.5,38.5,0.9,,47,21,78,17.6,,15,0.1,0,,,,,,,0.2,0,,390.6,306.9,,1009.1,1011.8,
66464111,08,1961,1990,31.2,24.2,38.2,1.2,,50,22,81,19.1,,16,0.4,0,,,,,,,0.9,0.4,,344.1,306.9,,1009.2,1011.8,
66464111,09,1961,1990,28.8,22,35.7,1.1,,51,23,79,18.9,,16,12.5,3.9,,,,,,,2.9,1.7,,285,240,,1009.9,1012.7,
66464111,10,1961,1990,24.1,17.6,30.6,1.6,,55,29,81,15.9,,13,12.7,0.5,,,,,,,2.5,1.2,,232.5,220.1,,1011.6,1014.7,
66464111,11,1961,1990,17,11,22.9,0.9,,62,39,85,11.7,,13,9.1,3.4,,,,,,,3.7,1.5,,141,189,,1013,1016.6,
66464111,12,1961,1990,11.2,5.3,17,1.4,,68,47,90,9.5,,9,14.4,5.6,,,,,,,2.9,2,,80.6,204.6,,1014.4,1018.5,
